0.001726 0.000000
-0.004848 0.000000
0.005046 0.000000
0.003768 0.000000
-0.000741 0.000000
-0.004097 0.000000
-0.004589 0.000000
-0.003940 0.000000
-0.002120 0.000000
-0.000600 0.000000
0.000926 0.000000
0.002116 0.000000
0.003029 0.000000
0.003158 0.000000
0.003199 0.000000
0.002802 0.000000
0.002428 0.000000
0.001677 0.000000
0.001353 0.000000
0.000257 0.000000
-0.000242 0.000000
-0.001252 0.000000
-0.001651 0.000000
-0.002208 0.000000
-0.002920 0.000000
-0.003120 0.000000
-0.003326 0.000000
-0.003627 0.000000
-0.003987 0.000000
-0.003671 0.000000
-0.004094 0.000000
-0.003694 0.000000
-0.003715 0.000000
-0.003855 0.000000
-0.003620 0.000000
-0.003218 0.000000
-0.003432 0.000000
-0.002438 0.000000
-0.002380 0.000000
-0.001913 0.000000
-0.001581 0.000000
-0.001286 0.000000
-0.000883 0.000000
-0.000294 0.000000
-0.000270 0.000000
0.000118 0.000000
0.000323 0.000000
0.000774 0.000000
0.001293 0.000000
0.001598 0.000000
0.002032 0.000000
0.002693 0.000000
0.002764 0.000000
0.002953 0.000000
0.003465 0.000000
0.003734 0.000000
0.003930 0.000000
0.004191 0.000000
0.004643 0.000000
0.004788 0.000000
0.005486 0.000000
0.005348 0.000000
0.005486 0.000000
0.005585 0.000000
0.006011 0.000000
0.005943 0.000000
0.006236 0.000000
0.006358 0.000000
0.006518 0.000000
0.006764 0.000000
0.007020 0.000000
0.006711 0.000000
0.007343 0.000000
0.006819 0.000000
0.007648 0.000000
0.007087 0.000000
0.007124 0.000000
0.007210 0.000000
0.007184 0.000000
0.007279 0.000000
0.007288 0.000000
0.006963 0.000000
0.006950 0.000000
0.006831 0.000000
0.007432 0.000000
0.007313 0.000000
0.007403 0.000000
0.006687 0.000000
0.007036 0.000000
0.006874 0.000000
0.006907 0.000000
0.006723 0.000000
0.006444 0.000000
0.006360 0.000000
0.006452 0.000000
0.006480 0.000000
0.005687 0.000000
0.005740 0.000000
0.005132 0.000000
0.005383 0.000000
