-0.000001 0.000000
0.000018 -0.000000
-0.000027 -0.000000
0.000051 -0.000000
-0.000076 -0.000000
-0.000060 -0.000000
0.000003 -0.000000
-0.000109 -0.000000
-0.000063 -0.000000
0.000067 -0.000000
0.000007 -0.000000
-0.000052 -0.000000
0.000237 -0.000000
0.000077 -0.000000
0.000074 -0.000000
-0.000358 -0.000000
0.000109 -0.000000
0.000228 -0.000000
-0.000185 -0.000000
-0.000303 -0.000000
0.000093 -0.000000
-0.000234 -0.000000
0.000280 -0.000000
-0.000087 -0.000000
0.000141 -0.000000
-0.000155 -0.000000
0.000022 -0.000000
-0.000428 -0.000000
0.000389 -0.000000
0.000541 -0.000000
-0.000417 -0.000000
0.000188 -0.000000
-0.000558 -0.000000
-0.000050 -0.000000
0.000518 -0.000000
0.000315 -0.000000
-0.000201 -0.000000
0.000838 -0.000000
-0.000750 -0.000000
0.000611 -0.000000
-0.000262 -0.000000
0.000674 -0.000000
-0.001129 -0.000000
0.000644 -0.000000
-0.000324 -0.000000
-0.000250 -0.000000
-0.000093 -0.000000
-0.000482 -0.000000
-0.000625 -0.000000
0.000936 -0.000000
-0.000479 -0.000000
0.000504 -0.000000
-0.000205 -0.000000
-0.000002 -0.000000
0.000548 -0.000000
-0.000693 -0.000000
-0.000251 -0.000000
0.000132 -0.000000
-0.001067 -0.000000
0.000394 -0.000000
-0.000692 -0.000000
-0.000210 -0.000000
0.001077 -0.000000
-0.001336 -0.000000
0.000421 -0.000000
0.001041 -0.000000
-0.001910 -0.000000
0.000279 -0.000000
-0.001294 -0.000000
0.000175 -0.000000
0.000105 -0.000000
0.000319 -0.000000
0.000404 -0.000000
-0.000724 -0.000000
-0.000212 -0.000000
0.000760 -0.000000
-0.000277 -0.000000
-0.000531 -0.000000
0.000351 -0.000000
0.001860 -0.000000
-0.001125 -0.000000
0.000057 -0.000000
0.002261 -0.000000
-0.003469 -0.000000
0.001827 -0.000000
-0.001465 -0.000000
0.000241 -0.000000
0.000370 -0.000000
0.001095 -0.000000
0.001092 -0.000000
-0.000435 -0.000000
-0.000406 -0.000000
0.001256 -0.000000
-0.001461 -0.000000
0.001972 -0.000000
-0.001563 -0.000000
0.001499 -0.000000
0.000098 -0.000000
-0.001150 -0.000000
0.000713 -0.000000
