-0.000065 0.000000
0.000204 -0.000000
-0.000224 -0.000000
-0.000168 -0.000000
0.000023 -0.000000
0.000095 -0.000000
0.000093 -0.000000
0.000074 -0.000000
0.000268 -0.000000
0.000045 -0.000000
0.000003 -0.000000
-0.000042 -0.000000
-0.000051 -0.000000
0.000032 -0.000000
-0.000193 -0.000000
-0.000139 -0.000000
-0.000076 -0.000000
0.000063 -0.000000
0.000182 -0.000000
0.000105 -0.000000
-0.000209 -0.000000
-0.000159 -0.000000
0.000394 -0.000000
-0.000213 -0.000000
0.000477 -0.000000
-0.000216 -0.000000
0.000369 -0.000000
0.000461 -0.000000
-0.000061 -0.000000
0.000310 -0.000000
-0.000791 -0.000000
0.000621 -0.000000
-0.000270 -0.000000
0.000297 -0.000000
0.000864 -0.000000
-0.000583 -0.000000
-0.000350 -0.000000
-0.000186 -0.000000
-0.000110 -0.000000
0.000092 -0.000000
-0.000376 -0.000000
-0.000305 -0.000000
0.001056 -0.000000
0.000793 -0.000000
-0.000192 -0.000000
0.000541 -0.000000
0.000190 -0.000000
-0.001653 -0.000000
0.000120 -0.000000
-0.001149 -0.000000
0.000064 -0.000000
-0.000080 -0.000000
-0.000322 -0.000000
-0.000251 -0.000000
0.000045 -0.000000
0.000018 -0.000000
0.001237 -0.000000
-0.000026 -0.000000
0.000486 -0.000000
0.000558 -0.000000
-0.000366 -0.000000
0.000079 -0.000000
-0.001016 -0.000000
0.000937 -0.000000
-0.000012 -0.000000
0.000140 -0.000000
-0.000180 -0.000000
0.000435 -0.000000
0.000567 -0.000000
-0.001077 -0.000000
-0.000397 -0.000000
0.000044 -0.000000
0.001531 -0.000000
-0.000868 -0.000000
0.002179 -0.000000
0.000107 -0.000000
0.000483 -0.000000
0.000222 -0.000000
0.000149 -0.000000
-0.001260 -0.000000
0.001156 -0.000000
-0.001896 -0.000000
-0.000031 -0.000000
-0.001242 -0.000000
-0.002450 -0.000000
0.001327 -0.000000
-0.001808 -0.000000
-0.000714 -0.000000
0.001403 -0.000000
-0.000702 -0.000000
-0.000067 -0.000000
0.001662 -0.000000
-0.001574 -0.000000
-0.002813 -0.000000
0.000818 -0.000000
0.001119 -0.000000
-0.000748 -0.000000
0.001613 -0.000000
0.000520 -0.000000
0.001335 -0.000000
