0.000038 0.000000
-0.000088 0.000000
0.000191 0.000000
0.000154 0.000000
0.000010 0.000000
-0.000015 0.000000
0.000057 0.000000
-0.000048 0.000000
0.000102 0.000000
0.000067 0.000000
0.000129 0.000000
0.000265 0.000000
0.000216 0.000000
0.000063 0.000000
0.000156 0.000000
0.000064 0.000000
0.000248 0.000000
0.000112 0.000000
0.000354 0.000000
-0.000108 0.000000
0.000262 0.000000
0.000194 0.000000
-0.000172 0.000000
-0.000064 0.000000
0.000073 0.000000
-0.000052 0.000000
-0.000160 0.000000
-0.000171 0.000000
0.000095 0.000000
0.000213 0.000000
0.000119 0.000000
0.000479 0.000000
0.000451 0.000000
0.000017 0.000000
-0.000445 0.000000
0.000466 0.000000
0.000119 0.000000
0.000158 0.000000
-0.000468 0.000000
0.000039 0.000000
0.000018 0.000000
-0.000227 0.000000
-0.000302 0.000000
-0.000054 0.000000
0.001112 0.000000
-0.000505 0.000000
0.000109 0.000000
-0.000529 0.000000
0.000476 0.000000
0.000425 0.000000
0.000046 0.000000
-0.000485 0.000000
-0.000064 0.000000
0.000206 0.000000
-0.000331 0.000000
0.000847 0.000000
0.000289 0.000000
-0.000601 0.000000
0.000602 0.000000
-0.000612 0.000000
0.000163 0.000000
-0.000440 0.000000
0.000578 0.000000
-0.000686 0.000000
0.000755 0.000000
-0.000446 0.000000
0.000506 0.000000
-0.000076 0.000000
-0.000228 0.000000
-0.000022 0.000000
0.000599 0.000000
0.000232 0.000000
0.000352 0.000000
0.001661 0.000000
-0.000131 0.000000
0.000270 0.000000
-0.001121 0.000000
0.000799 0.000000
0.000803 0.000000
-0.000773 0.000000
0.000711 0.000000
-0.000744 0.000000
0.000349 0.000000
0.000573 0.000000
0.000403 0.000000
-0.000538 0.000000
0.000238 0.000000
-0.000753 0.000000
-0.000230 0.000000
0.000396 0.000000
0.001032 0.000000
0.001112 0.000000
0.000278 0.000000
-0.000120 0.000000
-0.001074 0.000000
-0.001332 0.000000
-0.002190 0.000000
-0.000771 0.000000
0.001864 0.000000
-0.000513 0.000000
