0.000058 0.000000
-0.000159 0.000000
0.000138 0.000000
0.000164 0.000000
-0.000038 0.000000
-0.000128 0.000000
-0.000077 0.000000
-0.000165 0.000000
-0.000184 0.000000
-0.000056 0.000000
0.000119 0.000000
0.000089 0.000000
0.000392 0.000000
0.000236 0.000000
0.000164 0.000000
0.000196 0.000000
-0.000124 0.000000
0.000343 0.000000
-0.000014 0.000000
-0.000055 0.000000
0.000184 0.000000
-0.000007 0.000000
-0.000104 0.000000
-0.000079 0.000000
-0.000177 0.000000
0.000179 0.000000
-0.000534 0.000000
-0.000000 0.000000
-0.000006 0.000000
-0.000262 0.000000
-0.000482 0.000000
-0.000190 0.000000
-0.000010 0.000000
-0.000580 0.000000
0.000161 0.000000
0.000067 0.000000
-0.000216 0.000000
0.000068 0.000000
0.000301 0.000000
0.000361 0.000000
0.000504 0.000000
-0.000115 0.000000
0.000203 0.000000
0.000204 0.000000
0.000277 0.000000
-0.000229 0.000000
-0.000834 0.000000
0.000223 0.000000
0.000263 0.000000
-0.000445 0.000000
-0.000243 0.000000
0.000938 0.000000
-0.000694 0.000000
-0.000661 0.000000
-0.000279 0.000000
0.000478 0.000000
0.000127 0.000000
0.000381 0.000000
0.000552 0.000000
0.000821 0.000000
-0.000546 0.000000
-0.000025 0.000000
0.001069 0.000000
-0.000016 0.000000
0.000387 0.000000
-0.000836 0.000000
-0.000051 0.000000
0.000644 0.000000
-0.001370 0.000000
0.000103 0.000000
0.000711 0.000000
-0.000393 0.000000
0.001006 0.000000
-0.000180 0.000000
0.000060 0.000000
0.000207 0.000000
0.000487 0.000000
0.000898 0.000000
-0.000444 0.000000
-0.000913 0.000000
0.000808 0.000000
-0.000447 0.000000
0.000946 0.000000
0.000371 0.000000
0.000751 0.000000
-0.000627 0.000000
-0.000236 0.000000
0.000209 0.000000
-0.000062 0.000000
-0.000744 0.000000
-0.001806 0.000000
0.000113 0.000000
-0.000402 0.000000
-0.001206 0.000000
-0.000304 0.000000
0.000423 0.000000
0.000336 0.000000
-0.000867 0.000000
0.000158 0.000000
-0.000724 0.000000
