-0.000084 0.000000
0.000232 -0.000000
-0.000189 -0.000000
-0.000279 -0.000000
0.000063 -0.000000
0.000143 -0.000000
0.000046 -0.000000
0.000321 -0.000000
0.000196 -0.000000
0.000204 -0.000000
-0.000083 -0.000000
-0.000031 -0.000000
-0.000464 -0.000000
-0.000132 -0.000000
-0.000129 -0.000000
-0.000456 -0.000000
0.000515 -0.000000
-0.000318 -0.000000
0.000022 -0.000000
0.000088 -0.000000
-0.000373 -0.000000
-0.000138 -0.000000
0.000331 -0.000000
0.000010 -0.000000
0.000058 -0.000000
-0.000439 -0.000000
0.000725 -0.000000
0.000178 -0.000000
0.000074 -0.000000
0.000207 -0.000000
0.001135 -0.000000
0.000259 -0.000000
-0.000233 -0.000000
0.000965 -0.000000
0.000572 -0.000000
0.000373 -0.000000
0.000367 -0.000000
0.000324 -0.000000
0.000099 -0.000000
-0.000145 -0.000000
-0.000301 -0.000000
-0.000755 -0.000000
-0.000309 -0.000000
0.000074 -0.000000
-0.000302 -0.000000
0.000225 -0.000000
0.000006 -0.000000
-0.000952 -0.000000
-0.000087 -0.000000
0.000832 -0.000000
-0.000307 -0.000000
-0.000457 -0.000000
0.000524 -0.000000
0.000230 -0.000000
0.000374 -0.000000
-0.000159 -0.000000
0.000144 -0.000000
-0.000384 -0.000000
-0.000322 -0.000000
-0.000003 -0.000000
0.000714 -0.000000
0.000456 -0.000000
-0.000934 -0.000000
-0.000945 -0.000000
-0.001216 -0.000000
0.001144 -0.000000
0.000065 -0.000000
-0.000974 -0.000000
0.001407 -0.000000
-0.000203 -0.000000
-0.000186 -0.000000
0.000916 -0.000000
-0.000491 -0.000000
0.000230 -0.000000
-0.000734 -0.000000
-0.000603 -0.000000
-0.000471 -0.000000
0.000179 -0.000000
-0.000106 -0.000000
0.000862 -0.000000
-0.000600 -0.000000
-0.000719 -0.000000
-0.000955 -0.000000
-0.000571 -0.000000
-0.001246 -0.000000
0.000758 -0.000000
-0.000109 -0.000000
0.000163 -0.000000
0.000326 -0.000000
0.000552 -0.000000
0.002320 -0.000000
0.000809 -0.000000
-0.000661 -0.000000
0.000483 -0.000000
0.000978 -0.000000
-0.002396 -0.000000
-0.001400 -0.000000
0.002060 -0.000000
-0.001349 -0.000000
-0.000651 -0.000000
