-0.000465 0.000000
0.001180 -0.000000
-0.001354 -0.000000
-0.001059 -0.000000
0.000148 -0.000000
0.001103 -0.000000
0.001386 -0.000000
0.001314 -0.000000
0.000906 -0.000000
0.000481 -0.000000
0.000050 -0.000000
-0.000265 -0.000000
-0.000530 -0.000000
-0.000601 -0.000000
-0.000621 -0.000000
-0.000504 -0.000000
-0.000375 -0.000000
-0.000105 -0.000000
0.000117 -0.000000
0.000463 -0.000000
0.000734 -0.000000
0.001106 -0.000000
0.001402 -0.000000
0.001726 -0.000000
0.002034 -0.000000
0.002341 -0.000000
0.002601 -0.000000
0.002868 -0.000000
0.003094 -0.000000
0.003295 -0.000000
0.003488 -0.000000
0.003645 -0.000000
0.003802 -0.000000
0.003939 -0.000000
0.004012 -0.000000
0.004107 -0.000000
0.004180 -0.000000
0.004194 -0.000000
0.004221 -0.000000
0.004251 -0.000000
0.004232 -0.000000
0.004205 -0.000000
0.004185 -0.000000
0.004132 -0.000000
0.004093 -0.000000
0.004027 -0.000000
0.003945 -0.000000
0.003850 -0.000000
0.003768 -0.000000
0.003685 -0.000000
0.003551 -0.000000
0.003420 -0.000000
0.003282 -0.000000
0.003174 -0.000000
0.003027 -0.000000
0.002925 -0.000000
0.002768 -0.000000
0.002637 -0.000000
0.002478 -0.000000
0.002337 -0.000000
0.002171 -0.000000
0.002059 -0.000000
0.001893 -0.000000
0.001753 -0.000000
0.001594 -0.000000
0.001455 -0.000000
0.001285 -0.000000
0.001139 -0.000000
0.000973 -0.000000
0.000822 -0.000000
0.000664 -0.000000
0.000559 -0.000000
0.000354 -0.000000
0.000259 -0.000000
0.000077 -0.000000
-0.000038 -0.000000
-0.000204 -0.000000
-0.000336 -0.000000
-0.000458 -0.000000
-0.000599 -0.000000
-0.000754 -0.000000
-0.000858 -0.000000
-0.000976 -0.000000
-0.001082 -0.000000
-0.001266 -0.000000
-0.001381 -0.000000
-0.001519 -0.000000
-0.001598 -0.000000
-0.001728 -0.000000
-0.001844 -0.000000
-0.001980 -0.000000
-0.002065 -0.000000
-0.002151 -0.000000
-0.002227 -0.000000
-0.002384 -0.000000
-0.002464 -0.000000
-0.002562 -0.000000
-0.002631 -0.000000
-0.002714 -0.000000
-0.002827 -0.000000
