-0.000032 0.000000
0.000134 -0.000000
-0.000019 -0.000000
-0.000008 -0.000000
0.000030 -0.000000
0.000280 -0.000000
0.000122 -0.000000
0.000107 -0.000000
0.000044 -0.000000
0.000028 -0.000000
0.000415 -0.000000
0.000019 -0.000000
-0.000169 -0.000000
0.000265 -0.000000
-0.000207 -0.000000
0.000283 -0.000000
-0.000352 -0.000000
0.000147 -0.000000
0.000308 -0.000000
0.000153 -0.000000
0.000120 -0.000000
-0.000060 -0.000000
-0.000215 -0.000000
0.000375 -0.000000
0.000335 -0.000000
0.000062 -0.000000
-0.000305 -0.000000
0.000407 -0.000000
0.000269 -0.000000
0.000268 -0.000000
-0.000256 -0.000000
0.000234 -0.000000
0.000546 -0.000000
-0.000342 -0.000000
-0.000170 -0.000000
-0.000271 -0.000000
0.000052 -0.000000
-0.000158 -0.000000
0.000324 -0.000000
0.000361 -0.000000
0.000026 -0.000000
-0.000441 -0.000000
-0.000329 -0.000000
-0.000481 -0.000000
0.000505 -0.000000
0.000041 -0.000000
0.000231 -0.000000
-0.000141 -0.000000
-0.000593 -0.000000
-0.000172 -0.000000
0.000403 -0.000000
-0.000530 -0.000000
-0.000649 -0.000000
-0.000201 -0.000000
0.000156 -0.000000
0.000154 -0.000000
0.000506 -0.000000
0.000242 -0.000000
0.000647 -0.000000
0.000064 -0.000000
0.000881 -0.000000
-0.000964 -0.000000
0.000119 -0.000000
0.001263 -0.000000
0.000259 -0.000000
0.000050 -0.000000
0.000999 -0.000000
0.000718 -0.000000
-0.000337 -0.000000
0.000411 -0.000000
0.000192 -0.000000
-0.000590 -0.000000
-0.001243 -0.000000
0.000584 -0.000000
0.000252 -0.000000
-0.001326 -0.000000
-0.000885 -0.000000
0.000412 -0.000000
-0.000779 -0.000000
-0.001109 -0.000000
0.000427 -0.000000
-0.001713 -0.000000
0.000240 -0.000000
0.000287 -0.000000
-0.000958 -0.000000
-0.001712 -0.000000
0.000384 -0.000000
-0.000470 -0.000000
-0.000874 -0.000000
-0.000738 -0.000000
0.000190 -0.000000
-0.000208 -0.000000
-0.000814 -0.000000
-0.000782 -0.000000
-0.001407 -0.000000
0.000202 -0.000000
0.000734 -0.000000
0.001120 -0.000000
0.002034 -0.000000
-0.003345 -0.000000
