0.000791 0.000000
-0.001608 0.000000
0.002803 0.000000
0.002384 0.000000
0.000293 0.000000
-0.001338 0.000000
-0.001721 0.000000
-0.001200 0.000000
0.000102 0.000000
0.001691 0.000000
0.003453 0.000000
0.005130 0.000000
0.006746 0.000000
0.008111 0.000000
0.009338 0.000000
0.010301 0.000000
0.011152 0.000000
0.011735 0.000000
0.012252 0.000000
0.012527 0.000000
0.012790 0.000000
0.012843 0.000000
0.012881 0.000000
0.012792 0.000000
0.012687 0.000000
0.012466 0.000000
0.012260 0.000000
0.011974 0.000000
0.011712 0.000000
0.011381 0.000000
0.011076 0.000000
0.010710 0.000000
0.010369 0.000000
0.009996 0.000000
0.009675 0.000000
0.009291 0.000000
0.008954 0.000000
0.008593 0.000000
0.008270 0.000000
0.007898 0.000000
0.007592 0.000000
0.007265 0.000000
0.006945 0.000000
0.006621 0.000000
0.006336 0.000000
0.006031 0.000000
0.005778 0.000000
0.005502 0.000000
0.005237 0.000000
0.004951 0.000000
0.004744 0.000000
0.004502 0.000000
0.004314 0.000000
0.004073 0.000000
0.003894 0.000000
0.003646 0.000000
0.003492 0.000000
0.003284 0.000000
0.003136 0.000000
0.002945 0.000000
0.002805 0.000000
0.002622 0.000000
0.002509 0.000000
0.002343 0.000000
0.002224 0.000000
0.002074 0.000000
0.001981 0.000000
0.001847 0.000000
0.001761 0.000000
0.001628 0.000000
0.001557 0.000000
0.001423 0.000000
0.001373 0.000000
0.001243 0.000000
0.001186 0.000000
0.001082 0.000000
0.001046 0.000000
0.000961 0.000000
0.000885 0.000000
0.000808 0.000000
0.000779 0.000000
0.000697 0.000000
0.000644 0.000000
0.000561 0.000000
0.000554 0.000000
0.000492 0.000000
0.000476 0.000000
0.000399 0.000000
0.000367 0.000000
0.000325 0.000000
0.000323 0.000000
0.000260 0.000000
0.000229 0.000000
0.000153 0.000000
0.000186 0.000000
0.000120 0.000000
0.000128 0.000000
0.000075 0.000000
0.000070 0.000000
0.000049 0.000000
