0.001483 0.000000
0.007420 0.000000
0.026635 0.000000
0.032681 0.000000
0.030173 0.000000
0.024382 0.000000
0.018320 0.000000
0.012945 0.000000
0.008730 0.000000
0.005458 0.000000
0.003106 0.000000
0.001365 0.000000
0.000198 0.000000
-0.000634 0.000000
-0.001126 0.000000
-0.001475 0.000000
-0.001602 0.000000
-0.001686 0.000000
-0.001631 0.000000
-0.001600 0.000000
-0.001449 0.000000
-0.001357 0.000000
-0.001191 0.000000
-0.001075 0.000000
-0.000901 0.000000
-0.000797 0.000000
-0.000632 0.000000
-0.000534 0.000000
-0.000384 0.000000
-0.000302 0.000000
-0.000167 0.000000
-0.000110 0.000000
-0.000002 0.000000
0.000049 0.000000
0.000147 0.000000
0.000174 0.000000
0.000259 0.000000
0.000275 0.000000
0.000344 0.000000
0.000345 0.000000
0.000410 0.000000
0.000412 0.000000
0.000450 0.000000
0.000440 0.000000
0.000482 0.000000
0.000466 0.000000
0.000501 0.000000
0.000487 0.000000
0.000513 0.000000
0.000471 0.000000
0.000503 0.000000
0.000476 0.000000
0.000508 0.000000
0.000470 0.000000
0.000496 0.000000
0.000449 0.000000
0.000472 0.000000
0.000431 0.000000
0.000449 0.000000
0.000409 0.000000
0.000427 0.000000
0.000383 0.000000
0.000409 0.000000
0.000362 0.000000
0.000377 0.000000
0.000334 0.000000
0.000353 0.000000
0.000310 0.000000
0.000330 0.000000
0.000282 0.000000
0.000301 0.000000
0.000257 0.000000
0.000276 0.000000
0.000228 0.000000
0.000246 0.000000
0.000201 0.000000
0.000226 0.000000
0.000186 0.000000
0.000189 0.000000
0.000163 0.000000
0.000174 0.000000
0.000136 0.000000
0.000148 0.000000
0.000106 0.000000
0.000126 0.000000
0.000087 0.000000
0.000111 0.000000
0.000072 0.000000
0.000077 0.000000
0.000048 0.000000
0.000076 0.000000
0.000032 0.000000
0.000048 0.000000
0.000004 0.000000
0.000033 0.000000
-0.000012 0.000000
0.000013 0.000000
-0.000024 0.000000
-0.000002 0.000000
-0.000032 0.000000
