0.002582 0.000000
-0.048617 0.000000
-0.034607 0.000000
-0.018607 0.000000
-0.008350 0.000000
-0.003364 0.000000
-0.000726 0.000000
0.000021 0.000000
0.000525 0.000000
0.000274 0.000000
0.000356 0.000000
-0.000034 0.000000
0.000033 0.000000
-0.000311 0.000000
-0.000182 0.000000
-0.000470 0.000000
-0.000289 0.000000
-0.000527 0.000000
-0.000309 0.000000
-0.000527 0.000000
-0.000282 0.000000
-0.000482 0.000000
-0.000236 0.000000
-0.000426 0.000000
-0.000174 0.000000
-0.000367 0.000000
-0.000113 0.000000
-0.000302 0.000000
-0.000052 0.000000
-0.000243 0.000000
0.000005 0.000000
-0.000193 0.000000
0.000048 0.000000
-0.000150 0.000000
0.000091 0.000000
-0.000116 0.000000
0.000124 0.000000
-0.000083 0.000000
0.000148 0.000000
-0.000063 0.000000
0.000172 0.000000
-0.000039 0.000000
0.000186 0.000000
-0.000026 0.000000
0.000199 0.000000
-0.000016 0.000000
0.000207 0.000000
-0.000005 0.000000
0.000218 0.000000
-0.000008 0.000000
0.000215 0.000000
-0.000002 0.000000
0.000222 0.000000
-0.000001 0.000000
0.000223 0.000000
-0.000002 0.000000
0.000218 0.000000
-0.000005 0.000000
0.000215 0.000000
-0.000008 0.000000
0.000210 0.000000
-0.000014 0.000000
0.000208 0.000000
-0.000018 0.000000
0.000201 0.000000
-0.000022 0.000000
0.000197 0.000000
-0.000028 0.000000
0.000192 0.000000
-0.000031 0.000000
0.000185 0.000000
-0.000039 0.000000
0.000180 0.000000
-0.000049 0.000000
0.000175 0.000000
-0.000053 0.000000
0.000167 0.000000
-0.000056 0.000000
0.000156 0.000000
-0.000060 0.000000
0.000153 0.000000
-0.000069 0.000000
0.000146 0.000000
-0.000078 0.000000
0.000142 0.000000
-0.000082 0.000000
0.000139 0.000000
-0.000085 0.000000
0.000126 0.000000
-0.000093 0.000000
0.000128 0.000000
-0.000097 0.000000
0.000119 0.000000
-0.000103 0.000000
0.000117 0.000000
-0.000108 0.000000
0.000109 0.000000
-0.000114 0.000000
0.000108 0.000000
-0.000112 0.000000
