-0.000000 0.000000
-0.000001 -0.000009
0.000008 -0.000018
-0.000012 -0.000027
-0.000003 -0.000036
0.000007 -0.000044
0.000009 -0.000053
0.000006 -0.000062
0.000001 -0.000071
-0.000004 -0.000080
-0.000005 -0.000089
-0.000006 -0.000098
-0.000006 -0.000107
-0.000005 -0.000116
-0.000002 -0.000124
-0.000001 -0.000133
0.000001 -0.000142
0.000002 -0.000151
0.000004 -0.000160
0.000006 -0.000169
0.000006 -0.000178
0.000006 -0.000187
0.000006 -0.000196
0.000005 -0.000204
0.000005 -0.000213
0.000005 -0.000222
0.000003 -0.000231
0.000003 -0.000240
0.000002 -0.000249
0.000001 -0.000258
0.000001 -0.000266
0.000000 -0.000275
-0.000001 -0.000284
-0.000001 -0.000293
-0.000002 -0.000302
-0.000003 -0.000311
-0.000002 -0.000320
-0.000003 -0.000328
-0.000003 -0.000337
-0.000004 -0.000346
-0.000004 -0.000355
-0.000004 -0.000364
-0.000005 -0.000372
-0.000004 -0.000381
-0.000004 -0.000390
-0.000004 -0.000399
-0.000003 -0.000408
-0.000004 -0.000417
-0.000004 -0.000425
-0.000002 -0.000434
-0.000002 -0.000443
-0.000002 -0.000452
-0.000001 -0.000460
-0.000001 -0.000469
-0.000000 -0.000478
0.000000 -0.000487
0.000001 -0.000496
0.000001 -0.000504
0.000000 -0.000513
0.000002 -0.000522
0.000001 -0.000531
0.000003 -0.000539
0.000002 -0.000548
0.000003 -0.000557
0.000004 -0.000565
0.000004 -0.000574
0.000004 -0.000583
0.000004 -0.000592
0.000005 -0.000600
0.000005 -0.000609
0.000005 -0.000618
0.000006 -0.000626
0.000007 -0.000635
0.000005 -0.000644
0.000007 -0.000652
0.000007 -0.000661
0.000007 -0.000670
0.000007 -0.000678
0.000008 -0.000687
0.000008 -0.000695
0.000008 -0.000704
0.000007 -0.000713
0.000007 -0.000721
0.000008 -0.000730
0.000009 -0.000738
0.000008 -0.000747
0.000007 -0.000756
0.000008 -0.000764
0.000008 -0.000773
0.000007 -0.000781
0.000008 -0.000790
0.000008 -0.000798
0.000007 -0.000807
0.000006 -0.000815
0.000008 -0.000824
0.000008 -0.000832
0.000007 -0.000841
0.000007 -0.000849
0.000007 -0.000858
0.000009 -0.000866
