-0.000000 0.000000
0.000085 0.000000
-0.001680 0.000000
0.002146 0.000000
0.000519 0.000000
-0.001373 0.000000
-0.001925 0.000000
-0.001514 0.000000
-0.000635 0.000000
0.000248 0.000000
0.000767 0.000000
0.001103 0.000000
0.001138 0.000000
0.000961 0.000000
0.000565 0.000000
0.000346 0.000000
-0.000118 0.000000
-0.000422 0.000000
-0.000781 0.000000
-0.001004 0.000000
-0.001231 0.000000
-0.001323 0.000000
-0.001380 0.000000
-0.001390 0.000000
-0.001325 0.000000
-0.001242 0.000000
-0.001081 0.000000
-0.000988 0.000000
-0.000827 0.000000
-0.000620 0.000000
-0.000416 0.000000
-0.000244 0.000000
-0.000031 0.000000
0.000120 0.000000
0.000320 0.000000
0.000510 0.000000
0.000610 0.000000
0.000787 0.000000
0.000905 0.000000
0.001066 0.000000
0.001123 0.000000
0.001190 0.000000
0.001284 0.000000
0.001369 0.000000
0.001398 0.000000
0.001433 0.000000
0.001431 0.000000
0.001471 0.000000
0.001472 0.000000
0.001413 0.000000
0.001388 0.000000
0.001359 0.000000
0.001319 0.000000
0.001243 0.000000
0.001237 0.000000
0.001177 0.000000
0.001076 0.000000
0.000994 0.000000
0.000985 0.000000
0.000866 0.000000
0.000847 0.000000
0.000715 0.000000
0.000615 0.000000
0.000585 0.000000
0.000419 0.000000
0.000419 0.000000
0.000327 0.000000
0.000279 0.000000
0.000161 0.000000
0.000038 0.000000
-0.000032 0.000000
-0.000058 0.000000
-0.000166 0.000000
-0.000126 0.000000
-0.000302 0.000000
-0.000343 0.000000
-0.000374 0.000000
-0.000445 0.000000
-0.000517 0.000000
-0.000514 0.000000
-0.000633 0.000000
-0.000637 0.000000
-0.000670 0.000000
-0.000711 0.000000
-0.000863 0.000000
-0.000794 0.000000
-0.000829 0.000000
-0.000824 0.000000
-0.000936 0.000000
-0.000863 0.000000
-0.000973 0.000000
-0.000930 0.000000
-0.000879 0.000000
-0.000920 0.000000
-0.000931 0.000000
-0.000902 0.000000
-0.000990 0.000000
-0.000921 0.000000
-0.000924 0.000000
-0.000901 0.000000
