0.000000 0.000000
0.021663 0.000000
0.032931 -0.000000
0.018922 0.000000
0.008622 -0.000000
0.003276 0.000000
0.000884 -0.000000
-0.000030 0.000000
-0.000290 -0.000000
-0.000273 -0.000000
-0.000180 0.000000
-0.000067 -0.000000
0.000011 0.000000
0.000077 -0.000000
0.000106 0.000000
0.000111 -0.000000
0.000120 0.000000
0.000113 -0.000000
0.000095 0.000000
0.000079 -0.000000
0.000053 0.000000
0.000038 -0.000000
0.000015 0.000000
0.000002 -0.000000
-0.000018 0.000000
-0.000027 -0.000000
-0.000043 0.000000
-0.000046 -0.000000
-0.000058 -0.000000
-0.000058 0.000000
-0.000081 -0.000000
-0.000063 0.000000
-0.000070 -0.000000
-0.000065 0.000000
-0.000070 -0.000000
-0.000062 0.000000
-0.000067 -0.000000
-0.000059 0.000000
-0.000060 -0.000000
-0.000053 0.000000
-0.000054 -0.000000
-0.000046 0.000000
-0.000047 -0.000000
-0.000040 0.000000
-0.000042 -0.000000
-0.000045 0.000000
-0.000033 0.000000
-0.000024 -0.000000
-0.000027 0.000000
-0.000017 -0.000000
-0.000021 0.000000
-0.000013 -0.000000
-0.000013 0.000000
-0.000006 -0.000000
-0.000010 0.000000
-0.000002 -0.000000
-0.000006 0.000000
0.000002 -0.000000
-0.000002 0.000000
0.000004 -0.000000
-0.000011 0.000000
0.000009 -0.000000
0.000003 0.000000
0.000010 -0.000000
0.000007 -0.000000
0.000012 0.000000
0.000008 -0.000000
0.000013 0.000000
0.000009 -0.000000
0.000012 0.000000
0.000008 -0.000000
0.000017 0.000000
0.000011 -0.000000
0.000019 0.000000
0.000012 -0.000000
0.000008 0.000000
0.000010 -0.000000
0.000017 0.000000
0.000008 -0.000000
0.000016 0.000000
0.000011 -0.000000
0.000015 0.000000
0.000011 -0.000000
0.000016 -0.000000
0.000010 0.000000
0.000013 -0.000000
0.000009 0.000000
0.000015 -0.000000
0.000010 0.000000
0.000012 -0.000000
0.000007 0.000000
0.000012 -0.000000
0.000002 0.000000
0.000015 -0.000000
0.000006 0.000000
0.000012 -0.000000
0.000004 0.000000
0.000011 -0.000000
0.000005 0.000000
0.000008 -0.000000
