-0.000000 0.000000
-0.000033 0.000000
-0.000013 0.000000
-0.000123 0.000000
-0.000096 0.000000
-0.000000 0.000000
0.000060 0.000000
-0.000071 0.000000
-0.000074 0.000000
0.000099 0.000000
-0.000004 0.000000
-0.000150 0.000000
0.000006 0.000000
-0.000012 0.000000
-0.000200 0.000000
-0.000027 0.000000
-0.000078 0.000000
-0.000063 0.000000
0.000113 0.000000
-0.000049 0.000000
0.000015 0.000000
-0.000344 0.000000
-0.000031 0.000000
-0.000284 0.000000
-0.000110 0.000000
0.000209 0.000000
0.000022 0.000000
-0.000036 0.000000
-0.000246 0.000000
0.000494 0.000000
-0.000058 0.000000
-0.000144 0.000000
-0.000402 0.000000
0.000002 0.000000
-0.000212 0.000000
0.000239 0.000000
-0.000186 0.000000
0.000075 0.000000
-0.000247 0.000000
0.000148 0.000000
0.000168 0.000000
-0.000131 0.000000
-0.000341 0.000000
0.000014 0.000000
-0.000054 0.000000
0.000210 0.000000
-0.000201 0.000000
0.000189 0.000000
-0.000042 0.000000
-0.000117 0.000000
0.000029 0.000000
-0.000195 0.000000
0.000019 0.000000
-0.000189 0.000000
0.000412 0.000000
0.000559 0.000000
-0.000115 0.000000
-0.000616 0.000000
-0.000177 0.000000
0.000253 0.000000
0.000068 0.000000
0.000142 0.000000
-0.000351 0.000000
-0.000296 0.000000
-0.000350 0.000000
0.000188 0.000000
-0.000039 0.000000
0.000052 0.000000
-0.000066 0.000000
-0.000112 0.000000
-0.000080 0.000000
0.000234 0.000000
-0.000210 0.000000
0.000482 0.000000
0.000252 0.000000
0.000402 0.000000
-0.000353 0.000000
0.000586 0.000000
0.000305 0.000000
-0.000827 0.000000
0.000057 0.000000
-0.000547 0.000000
-0.000177 0.000000
0.000175 0.000000
0.000493 0.000000
-0.000173 0.000000
-0.000287 0.000000
-0.000286 0.000000
0.000067 0.000000
0.000394 0.000000
-0.000374 0.000000
0.000391 0.000000
-0.000408 0.000000
0.000230 0.000000
-0.000326 0.000000
0.000008 0.000000
0.000282 0.000000
-0.000690 0.000000
0.000303 0.000000
0.000420 0.000000
