0.000819 0.000000
0.000403 0.000000
-0.000580 0.000000
0.001777 0.000000
-0.003583 0.000000
0.001919 0.000000
-0.000147 0.000000
0.000025 0.000000
-0.005191 0.000000
-0.001626 0.000000
0.003326 0.000000
0.006338 0.000000
-0.002938 0.000000
0.001175 0.000000
0.000605 0.000001
0.005748 0.000001
0.002061 0.000001
-0.007158 0.000001
-0.012973 0.000001
0.006491 0.000001
0.009756 0.000001
0.009756 0.000001
0.025570 0.000001
0.016642 0.000001
-0.008874 0.000001
-0.002502 0.000001
0.000923 0.000001
-0.014110 0.000001
-0.021046 0.000001
0.010594 0.000001
0.013735 0.000001
-0.001841 0.000001
0.000984 0.000001
-0.009286 0.000001
0.007408 0.000001
-0.039855 0.000001
-0.028598 0.000001
0.006792 0.000001
0.015337 0.000001
-0.013490 0.000001
-0.022453 0.000001
-0.008252 0.000001
-0.011383 0.000001
-0.030268 0.000001
0.051002 0.000001
0.048379 0.000001
-0.045120 0.000001
0.020625 0.000001
0.010645 0.000001
-0.020225 0.000001
0.020225 0.000001
-0.010645 0.000001
-0.020625 0.000001
0.045120 0.000001
-0.048379 0.000001
-0.051002 0.000001
0.030268 0.000001
0.011383 0.000001
0.008252 0.000001
0.022453 0.000001
0.013490 0.000001
-0.015337 0.000001
-0.006792 0.000001
0.028598 0.000001
0.039855 0.000001
-0.007408 0.000001
0.009286 0.000001
-0.000984 0.000001
0.001841 0.000001
-0.013735 0.000001
-0.010594 0.000001
0.021046 0.000001
0.014110 0.000001
-0.000923 0.000001
0.002502 0.000001
0.008874 0.000001
-0.016642 0.000001
-0.025570 0.000001
-0.009756 0.000001
-0.009756 0.000001
-0.006491 0.000001
0.012973 0.000001
0.007158 0.000001
-0.002061 0.000001
-0.005748 0.000001
-0.000605 0.000001
-0.001175 0.000000
0.002938 0.000000
-0.006338 0.000000
-0.003326 0.000000
0.001626 0.000000
0.005191 0.000000
-0.000025 0.000000
0.000147 0.000000
-0.001919 0.000000
0.003583 0.000000
-0.001777 0.000000
0.000580 0.000000
-0.000403 0.000000
-0.000819 -0.000000
