-0.000000 0.000000
0.141090 0.000000
0.013843 0.000000
0.005477 0.000000
-0.001044 0.000000
0.001672 0.000000
-0.003402 0.000000
0.002719 0.000000
-0.001988 0.000000
0.002581 0.000000
-0.002801 0.000000
0.002143 0.000000
-0.002670 0.000000
0.002487 0.000000
-0.002418 0.000000
0.002548 0.000000
-0.002476 0.000000
0.002454 0.000000
-0.002586 0.000000
0.002402 0.000000
-0.002569 0.000000
0.002410 0.000000
-0.002528 0.000000
0.002477 0.000000
-0.002481 0.000000
0.002454 0.000000
-0.002529 0.000000
0.002456 0.000000
-0.002543 0.000000
0.002423 0.000000
-0.002530 0.000000
0.002433 0.000000
-0.002543 0.000000
0.002464 0.000000
-0.002526 0.000000
0.002490 0.000000
-0.002505 0.000000
0.002483 0.000000
-0.002515 0.000000
0.002491 0.000000
-0.002509 0.000000
0.002453 0.000000
-0.002506 0.000000
0.002480 0.000000
-0.002537 0.000000
0.002472 0.000000
-0.002505 0.000000
0.002480 0.000000
-0.002444 0.000000
0.002465 0.000000
-0.002465 0.000000
0.002444 0.000000
-0.002480 0.000000
0.002505 0.000000
-0.002472 0.000000
0.002537 0.000000
-0.002480 0.000000
0.002506 0.000000
-0.002453 0.000000
0.002509 0.000000
-0.002491 0.000000
0.002515 0.000000
-0.002483 0.000000
0.002505 0.000000
-0.002490 0.000000
0.002526 0.000000
-0.002464 0.000000
0.002543 0.000000
-0.002433 0.000000
0.002530 0.000000
-0.002423 0.000000
0.002543 0.000000
-0.002456 0.000000
0.002529 0.000000
-0.002454 0.000000
0.002481 0.000000
-0.002477 0.000000
0.002528 0.000000
-0.002410 0.000000
0.002569 0.000000
-0.002402 0.000000
0.002586 0.000000
-0.002454 0.000000
0.002476 0.000000
-0.002548 0.000000
0.002418 0.000000
-0.002487 0.000000
0.002670 0.000000
-0.002143 0.000000
0.002801 0.000000
-0.002581 0.000000
0.001988 0.000000
-0.002719 0.000000
0.003402 0.000000
-0.001672 0.000000
0.001044 0.000000
-0.005477 0.000000
-0.013843 0.000000
-0.141090 0.000000
0.000000 -0.000000
