-0.000000 0.000000
0.081336 0.000000
-0.116261 0.000000
0.001106 0.000000
0.004864 0.000000
-0.009290 0.000000
-0.012454 0.000000
0.007572 0.000000
0.002434 0.000000
0.004154 0.000000
-0.007350 0.000000
-0.000470 0.000000
-0.005549 0.000000
0.003636 0.000000
-0.002690 0.000000
0.004380 0.000000
-0.003317 0.000000
0.003241 0.000000
-0.004477 0.000000
0.002725 0.000000
-0.004377 0.000000
0.002811 0.000000
-0.004035 0.000000
0.003346 0.000000
-0.003583 0.000000
0.003208 0.000000
-0.003966 0.000000
0.003237 0.000000
-0.004159 0.000000
0.002915 0.000000
-0.004042 0.000000
0.002975 0.000000
-0.004144 0.000000
0.003382 0.000000
-0.003889 0.000000
0.003635 0.000000
-0.003683 0.000000
0.003544 0.000000
-0.003762 0.000000
0.003610 0.000000
-0.003804 0.000000
0.003256 0.000000
-0.003834 0.000000
0.003468 0.000000
-0.004064 0.000000
0.003362 0.000000
-0.003751 0.000000
0.003540 0.000000
-0.003111 0.000000
0.003374 0.000000
-0.003374 0.000000
0.003111 0.000000
-0.003540 0.000000
0.003751 0.000000
-0.003362 0.000000
0.004064 0.000000
-0.003468 0.000000
0.003834 0.000000
-0.003256 0.000000
0.003804 0.000000
-0.003610 0.000000
0.003762 0.000000
-0.003544 0.000000
0.003683 0.000000
-0.003635 0.000000
0.003889 0.000000
-0.003382 0.000000
0.004144 0.000000
-0.002975 0.000000
0.004042 0.000000
-0.002915 0.000000
0.004159 0.000000
-0.003237 0.000000
0.003966 0.000000
-0.003208 0.000000
0.003583 0.000000
-0.003346 0.000000
0.004035 0.000000
-0.002811 0.000000
0.004377 0.000000
-0.002725 0.000000
0.004477 0.000000
-0.003241 0.000000
0.003317 0.000000
-0.004380 0.000000
0.002690 0.000000
-0.003636 0.000000
0.005549 0.000000
0.000470 0.000000
0.007350 0.000000
-0.004154 0.000000
-0.002434 0.000000
-0.007572 0.000000
0.012454 0.000000
0.009290 0.000000
-0.004864 0.000000
-0.001106 0.000000
0.116261 0.000000
-0.081336 0.000000
0.000000 -0.000000
