-0.000000 0.000000
0.017855 0.000000
-0.038769 0.000000
0.084975 0.000000
-0.013813 0.000000
-0.061803 0.000000
-0.020460 0.000000
0.028707 0.000000
0.020579 0.000000
0.000049 0.000000
-0.019657 0.000000
-0.013976 0.000000
-0.009410 0.000000
0.003171 0.000000
0.001711 0.000000
0.006021 0.000000
-0.000863 0.000000
0.001314 0.000000
-0.005371 0.000000
-0.000723 0.000000
-0.005319 0.000000
-0.000501 0.000000
-0.004220 0.000000
0.001105 0.000000
-0.002765 0.000000
0.000870 0.000000
-0.003819 0.000000
0.000971 0.000000
-0.004441 0.000000
0.000017 0.000000
-0.003949 0.000000
0.000272 0.000000
-0.004313 0.000000
0.001693 0.000000
-0.003255 0.000000
0.002588 0.000000
-0.002756 0.000000
0.002117 0.000000
-0.002900 0.000000
0.002419 0.000000
-0.003072 0.000000
0.001203 0.000000
-0.003398 0.000000
0.001824 0.000000
-0.003942 0.000000
0.001641 0.000000
-0.002826 0.000000
0.002352 0.000000
-0.000696 0.000000
0.001674 0.000000
-0.001674 0.000000
0.000696 0.000000
-0.002352 0.000000
0.002826 0.000000
-0.001641 0.000000
0.003942 0.000000
-0.001824 0.000000
0.003398 0.000000
-0.001203 0.000000
0.003072 0.000000
-0.002419 0.000000
0.002900 0.000000
-0.002117 0.000000
0.002756 0.000000
-0.002588 0.000000
0.003255 0.000000
-0.001693 0.000000
0.004313 0.000000
-0.000272 0.000000
0.003949 0.000000
-0.000017 0.000000
0.004441 0.000000
-0.000971 0.000000
0.003819 0.000000
-0.000870 0.000000
0.002765 0.000000
-0.001105 0.000000
0.004220 0.000000
0.000501 0.000000
0.005319 0.000000
0.000723 0.000000
0.005371 0.000000
-0.001314 0.000000
0.000863 0.000000
-0.006021 0.000000
-0.001711 0.000000
-0.003171 0.000000
0.009410 0.000000
0.013976 0.000000
0.019657 0.000000
-0.000049 0.000000
-0.020579 0.000000
-0.028707 0.000000
0.020460 0.000000
0.061803 0.000000
0.013813 0.000000
-0.084975 0.000000
0.038769 0.000000
-0.017855 0.000000
0.000000 -0.000000
