0.000000 0.000000
-0.000003 -0.000000
0.000047 0.000000
-0.000033 -0.000000
0.000089 0.000000
0.000025 -0.000000
-0.000068 0.000000
0.000010 -0.000000
-0.000048 -0.000000
-0.000091 -0.000000
-0.000032 -0.000000
-0.000194 -0.000000
-0.000043 -0.000000
0.000017 0.000000
0.000135 -0.000000
-0.000069 0.000000
0.000000 -0.000000
-0.000091 0.000000
0.000122 -0.000000
0.000008 0.000000
-0.000111 -0.000000
0.000077 0.000000
-0.000219 -0.000000
0.000062 0.000000
-0.000125 -0.000000
-0.000098 0.000000
-0.000144 -0.000000
-0.000128 -0.000000
-0.000190 -0.000000
0.000159 -0.000000
-0.000063 0.000000
-0.000027 -0.000000
0.000190 0.000000
-0.000210 -0.000000
-0.000184 0.000000
0.000011 -0.000000
-0.000145 0.000000
0.000165 -0.000000
0.000077 0.000000
0.000361 -0.000000
0.000093 0.000000
0.000361 -0.000000
-0.000264 0.000000
0.000072 -0.000000
-0.000047 -0.000000
-0.000320 -0.000000
-0.000341 -0.000000
-0.000014 -0.000000
-0.000337 -0.000000
-0.000296 0.000000
0.000109 -0.000000
0.000020 0.000000
0.000288 -0.000000
0.000073 0.000000
-0.000141 -0.000000
-0.000090 0.000000
-0.000077 -0.000000
-0.000095 0.000000
0.000333 -0.000000
-0.000323 0.000000
-0.000060 -0.000000
-0.000036 0.000000
0.000196 -0.000000
-0.000466 -0.000000
-0.000062 -0.000000
0.000015 -0.000000
0.000024 0.000000
0.000008 -0.000000
-0.000212 0.000000
-0.000316 -0.000000
-0.000269 0.000000
0.000078 -0.000000
-0.000353 0.000000
-0.000367 -0.000000
-0.000147 0.000000
0.000017 -0.000000
-0.000591 0.000000
-0.000449 -0.000000
-0.000077 0.000000
0.000138 -0.000000
0.000035 -0.000000
-0.000216 -0.000000
-0.000076 -0.000000
0.000001 -0.000000
0.000132 -0.000000
-0.000691 0.000000
0.000798 -0.000000
0.000158 0.000000
0.000230 -0.000000
0.000525 0.000000
-0.000265 -0.000000
-0.000024 0.000000
-0.000395 -0.000000
0.000013 0.000000
0.000423 -0.000000
-0.000799 0.000000
0.000114 -0.000000
0.000229 0.000000
-0.000188 -0.000000
0.000061 -0.000000
