0.005084 0.000000
-0.001261 0.000000
-0.003697 0.000000
-0.004088 0.000000
-0.004470 0.000000
0.005613 0.000000
-0.000763 0.000000
0.002912 0.000000
-0.001417 0.000001
0.001435 0.000001
0.011077 0.000001
0.015016 0.000001
-0.006851 0.000001
0.000661 0.000001
0.002835 0.000001
0.001866 0.000001
-0.006141 0.000001
0.003012 0.000001
-0.006535 0.000001
-0.011745 0.000001
-0.003083 0.000001
0.007985 0.000001
0.005888 0.000001
-0.012615 0.000001
0.002537 0.000001
-0.000486 0.000002
-0.004150 0.000002
0.026517 0.000002
-0.003677 0.000002
-0.034940 0.000002
0.027098 0.000002
-0.026374 0.000002
0.025027 0.000002
0.032766 0.000002
-0.008451 0.000002
0.018061 0.000002
0.003933 0.000002
-0.017437 0.000002
0.016626 0.000002
-0.005204 0.000002
0.021007 0.000002
-0.012775 0.000002
0.026882 0.000002
-0.021585 0.000002
0.003882 0.000002
0.019615 0.000002
-0.011102 0.000002
0.003367 0.000002
0.006389 0.000002
-0.002087 0.000002
0.002087 0.000002
-0.006389 0.000002
-0.003367 0.000002
0.011102 0.000002
-0.019615 0.000002
-0.003882 0.000002
0.021585 0.000002
-0.026882 0.000002
0.012775 0.000002
-0.021007 0.000002
0.005204 0.000002
-0.016626 0.000002
0.017437 0.000002
-0.003933 0.000002
-0.018061 0.000002
0.008451 0.000002
-0.032766 0.000002
-0.025027 0.000002
0.026374 0.000002
-0.027098 0.000002
0.034940 0.000002
0.003677 0.000002
-0.026517 0.000002
0.004150 0.000002
0.000486 0.000002
-0.002537 0.000001
0.012615 0.000001
-0.005888 0.000001
-0.007985 0.000001
0.003083 0.000001
0.011745 0.000001
0.006535 0.000001
-0.003012 0.000001
0.006141 0.000001
-0.001866 0.000001
-0.002835 0.000001
-0.000661 0.000001
0.006851 0.000001
-0.015016 0.000001
-0.011077 0.000001
-0.001435 0.000001
0.001417 0.000001
-0.002912 0.000000
0.000763 0.000000
-0.005613 0.000000
0.004470 0.000000
0.004088 0.000000
0.003697 0.000000
0.001261 0.000000
-0.005084 -0.000000
