-0.000000 0.000000
0.000060 0.000000
0.000092 -0.000000
0.000024 0.000000
0.000068 -0.000000
0.000082 0.000000
0.000083 -0.000000
0.000108 0.000000
0.000062 0.000000
0.000058 0.000000
0.000097 0.000000
-0.000030 0.000000
0.000032 0.000000
0.000108 -0.000000
0.000115 0.000000
-0.000023 -0.000000
0.000189 0.000000
-0.000115 -0.000000
0.000032 0.000000
0.000097 -0.000000
0.000152 0.000000
0.000037 -0.000000
0.000037 0.000000
0.000009 -0.000000
0.000047 0.000000
0.000058 0.000000
0.000057 0.000000
-0.000030 0.000000
0.000260 0.000000
0.000096 0.000000
-0.000234 -0.000000
-0.000174 0.000000
0.000178 -0.000000
0.000121 0.000000
0.000114 -0.000000
0.000466 0.000000
-0.000081 -0.000000
-0.000209 0.000000
0.000139 -0.000000
0.000021 0.000000
0.000046 -0.000000
-0.000216 0.000000
0.000162 -0.000000
0.000183 0.000000
0.000086 0.000000
-0.000003 0.000000
0.000065 0.000000
-0.000045 0.000000
-0.000403 0.000000
-0.000050 -0.000000
0.000151 0.000000
-0.000325 -0.000000
0.000072 0.000000
0.000036 -0.000000
0.000135 0.000000
-0.000187 -0.000000
-0.000004 0.000000
-0.000070 -0.000000
0.000120 0.000000
-0.000165 -0.000000
-0.000073 0.000000
0.000137 -0.000000
-0.000035 0.000000
-0.000208 0.000000
0.000260 0.000000
-0.000271 0.000000
0.000176 -0.000000
-0.000414 0.000000
0.000153 -0.000000
-0.000205 0.000000
0.000025 -0.000000
0.000057 0.000000
0.000152 -0.000000
-0.000244 0.000000
-0.000052 -0.000000
0.000070 0.000000
-0.000156 -0.000000
-0.000209 0.000000
-0.000291 -0.000000
0.000271 0.000000
-0.000022 0.000000
0.000019 0.000000
-0.000033 0.000000
0.000317 0.000000
0.000337 0.000000
-0.000234 -0.000000
0.000405 0.000000
-0.000257 -0.000000
0.000121 0.000000
-0.000042 -0.000000
-0.000032 0.000000
0.000167 -0.000000
0.000342 0.000000
0.000148 -0.000000
0.000513 0.000000
0.000351 -0.000000
0.000021 0.000000
0.000333 -0.000000
-0.000067 0.000000
0.000407 0.000000
