0.000000 0.000000
0.000001 0.000000
0.000093 0.000000
-0.000123 0.000000
-0.000157 0.000000
0.000150 0.000000
0.000029 0.000000
0.000211 0.000000
-0.000120 0.000000
-0.000101 0.000000
-0.000082 0.000000
0.000131 0.000000
-0.000017 0.000000
0.000039 0.000000
-0.000069 0.000000
-0.000013 0.000000
-0.000048 0.000000
0.000098 0.000000
0.000076 0.000000
-0.000035 0.000000
-0.000068 0.000000
0.000246 0.000000
0.000028 0.000000
0.000097 0.000000
0.000037 0.000000
0.000101 0.000000
0.000270 0.000000
0.000014 0.000000
0.000264 0.000000
-0.000055 0.000000
-0.000001 0.000000
0.000232 0.000000
-0.000089 0.000000
-0.000094 0.000000
0.000016 0.000000
-0.000192 0.000000
0.000158 0.000000
-0.000042 0.000000
0.000063 0.000000
0.000067 0.000000
-0.000169 0.000000
-0.000248 0.000000
0.000388 0.000000
-0.000195 0.000000
-0.000163 0.000000
0.000033 0.000000
0.000515 0.000000
0.000179 0.000000
0.000092 0.000000
-0.000178 0.000000
0.000047 0.000000
-0.000110 0.000000
-0.000007 0.000000
0.000147 0.000000
-0.000294 0.000000
-0.000250 0.000000
0.000366 0.000000
0.000364 0.000000
0.000068 0.000000
-0.000380 0.000000
0.000169 0.000000
0.000196 0.000000
-0.000089 0.000000
0.000139 0.000000
-0.000134 0.000000
-0.000076 0.000000
-0.000264 0.000000
-0.000320 0.000000
0.000199 0.000000
-0.000151 0.000000
0.000474 0.000000
0.000083 0.000000
-0.000039 0.000000
0.000309 0.000000
-0.000118 0.000000
0.000116 0.000000
0.000266 0.000000
-0.000358 0.000000
0.000011 0.000000
0.000010 0.000000
0.000313 0.000000
0.000171 0.000000
0.000028 0.000000
0.000098 0.000000
0.000225 0.000000
0.000452 0.000000
0.000431 0.000000
0.000104 0.000000
0.000003 0.000000
-0.000256 0.000000
0.000602 0.000000
-0.000090 0.000000
0.000443 0.000000
0.000132 0.000000
0.000161 0.000000
0.000286 0.000000
0.000097 0.000000
-0.000148 0.000000
-0.000251 0.000000
0.000198 0.000000
