0.026187 0.000000
-0.013525 0.000000
-0.036130 0.000000
-0.048476 0.000000
-0.052327 0.000000
-0.052810 0.000000
-0.049658 0.000000
-0.045571 0.000000
-0.039884 0.000000
-0.035157 0.000000
-0.029591 0.000000
-0.025097 0.000000
-0.020436 0.000000
-0.016800 0.000000
-0.012806 0.000000
-0.010448 0.000000
-0.007360 0.000000
-0.005646 0.000000
-0.003400 0.000000
-0.002418 0.000000
-0.000653 0.000000
-0.000147 0.000000
0.001299 0.000000
0.001395 0.000000
0.002557 0.000000
0.002140 0.000000
0.003130 0.000000
0.002797 0.000000
0.003329 0.000000
0.002904 0.000000
0.003457 0.000000
0.003038 0.000000
0.003484 0.000000
0.002845 0.000000
0.003047 0.000000
0.002603 0.000000
0.002804 0.000000
0.002119 0.000000
0.002620 0.000000
0.001937 0.000000
0.002039 0.000000
0.001344 0.000000
0.001946 0.000000
0.000770 0.000000
0.001372 0.000000
0.000682 0.000000
0.000911 0.000000
0.000346 0.000000
0.000503 0.000000
-0.000136 0.000000
0.000136 0.000000
-0.000503 0.000000
-0.000346 0.000000
-0.000911 0.000000
-0.000682 0.000000
-0.001372 0.000000
-0.000770 0.000000
-0.001946 0.000000
-0.001344 0.000000
-0.002039 0.000000
-0.001937 0.000000
-0.002620 0.000000
-0.002119 0.000000
-0.002804 0.000000
-0.002603 0.000000
-0.003047 0.000000
-0.002845 0.000000
-0.003484 0.000000
-0.003038 0.000000
-0.003457 0.000000
-0.002904 0.000000
-0.003329 0.000000
-0.002797 0.000000
-0.003130 0.000000
-0.002140 0.000000
-0.002557 0.000000
-0.001395 0.000000
-0.001299 0.000000
0.000147 0.000000
0.000653 0.000000
0.002418 0.000000
0.003400 0.000000
0.005646 0.000000
0.007360 0.000000
0.010448 0.000000
0.012806 0.000000
0.016800 0.000000
0.020436 0.000000
0.025097 0.000000
0.029591 0.000000
0.035157 0.000000
0.039884 0.000000
0.045571 0.000000
0.049658 0.000000
0.052810 0.000000
0.052327 0.000000
0.048476 0.000000
0.036130 0.000000
0.013525 0.000000
-0.026187 -0.000000
