0.000000 0.000000
0.000048 0.000000
0.000062 -0.000000
0.000080 0.000000
0.000127 -0.000000
0.000073 0.000000
0.000113 -0.000000
-0.000053 0.000000
0.000242 -0.000000
0.000084 0.000000
0.000125 0.000000
-0.000022 -0.000000
0.000087 0.000000
0.000001 -0.000000
0.000014 0.000000
-0.000071 -0.000000
0.000187 0.000000
-0.000131 -0.000000
0.000098 0.000000
0.000135 -0.000000
0.000148 0.000000
0.000024 -0.000000
0.000036 0.000000
-0.000124 -0.000000
0.000023 0.000000
0.000229 -0.000000
0.000049 0.000000
0.000058 0.000000
0.000114 -0.000000
-0.000102 0.000000
-0.000195 -0.000000
-0.000166 0.000000
0.000180 -0.000000
-0.000004 0.000000
-0.000164 -0.000000
0.000383 0.000000
0.000070 -0.000000
-0.000239 0.000000
0.000078 -0.000000
0.000044 0.000000
0.000056 -0.000000
-0.000154 0.000000
0.000127 -0.000000
0.000139 0.000000
-0.000154 -0.000000
0.000058 0.000000
-0.000207 0.000000
-0.000197 -0.000000
-0.000268 0.000000
-0.000355 -0.000000
-0.000151 0.000000
-0.000049 -0.000000
0.000316 0.000000
-0.000240 -0.000000
0.000132 0.000000
-0.000034 -0.000000
-0.000456 0.000000
-0.000258 -0.000000
0.000206 0.000000
-0.000117 -0.000000
-0.000008 0.000000
-0.000028 -0.000000
0.000227 0.000000
-0.000327 0.000000
0.000146 0.000000
0.000091 0.000000
0.000312 -0.000000
0.000204 0.000000
0.000402 -0.000000
0.000176 0.000000
-0.000177 -0.000000
-0.000285 0.000000
-0.000094 -0.000000
-0.000301 0.000000
0.000151 -0.000000
0.000106 0.000000
-0.000102 -0.000000
0.000085 0.000000
0.000181 -0.000000
-0.000149 0.000000
-0.000374 -0.000000
-0.000108 0.000000
0.000173 0.000000
0.000018 -0.000000
-0.000254 0.000000
-0.000426 -0.000000
0.000072 0.000000
-0.000447 -0.000000
0.000064 0.000000
-0.000001 -0.000000
0.000003 0.000000
-0.000014 -0.000000
0.000024 0.000000
0.000276 -0.000000
0.000093 0.000000
-0.000204 -0.000000
0.000255 0.000000
0.000446 -0.000000
0.000017 0.000000
0.000238 -0.000000
