0.000017 0.000000
-0.000047 0.000000
0.000022 0.000000
0.000088 0.000000
-0.000066 0.000000
-0.000016 0.000000
0.000019 0.000000
-0.000054 0.000000
-0.000206 0.000000
-0.000003 0.000000
0.000168 0.000000
-0.000107 0.000000
0.000245 0.000000
0.000133 0.000000
0.000124 0.000000
0.000138 0.000000
-0.000108 0.000000
0.000125 0.000000
-0.000069 0.000000
-0.000066 0.000000
0.000159 0.000000
-0.000133 0.000000
-0.000065 0.000000
0.000063 0.000000
-0.000253 0.000000
0.000187 0.000000
-0.000613 0.000000
0.000151 0.000000
-0.000174 0.000000
-0.000182 0.000000
-0.000036 0.000000
-0.000286 0.000000
-0.000211 0.000000
-0.000182 0.000000
0.000111 0.000000
0.000440 0.000000
-0.000081 0.000000
0.000111 0.000000
0.000582 0.000000
0.000689 0.000000
0.000094 0.000000
0.000034 0.000000
-0.000057 0.000000
0.000238 0.000000
0.000277 0.000000
-0.000502 0.000000
-0.001006 0.000000
0.000424 0.000000
0.000032 0.000000
0.000040 0.000000
-0.000068 0.000000
0.000558 0.000000
-0.000589 0.000000
-0.000704 0.000000
-0.000325 0.000000
0.000178 0.000000
-0.000116 0.000000
0.000366 0.000000
0.000069 0.000000
0.000584 0.000000
-0.000323 0.000000
-0.000025 0.000000
0.000980 0.000000
-0.000229 0.000000
0.000042 0.000000
-0.000591 0.000000
-0.000217 0.000000
0.000111 0.000000
-0.001010 0.000000
0.000910 0.000000
0.000310 0.000000
-0.000019 0.000000
0.000696 0.000000
-0.000242 0.000000
-0.000539 0.000000
-0.000035 0.000000
0.000726 0.000000
0.000891 0.000000
-0.000138 0.000000
-0.000452 0.000000
-0.000105 0.000000
-0.000761 0.000000
-0.000167 0.000000
0.000264 0.000000
0.000744 0.000000
-0.000757 0.000000
0.000327 0.000000
-0.000546 0.000000
0.000229 0.000000
-0.000313 0.000000
-0.002149 0.000000
-0.001059 0.000000
-0.000859 0.000000
-0.000415 0.000000
0.000301 0.000000
0.000512 0.000000
0.001231 0.000000
0.000835 0.000000
0.000371 0.000000
-0.001080 0.000000
