0.000142 0.000000
-0.000280 0.000000
0.002179 0.000000
-0.000769 0.000000
0.005085 0.000000
-0.006018 0.000000
0.004485 0.000000
-0.013078 0.000000
0.015448 0.000000
0.003131 0.000000
-0.007642 0.000000
-0.000558 0.000000
0.014987 0.000000
0.012732 0.000000
-0.025848 0.000000
-0.017606 0.000000
0.018641 0.000000
0.023775 0.000000
0.033713 0.000000
-0.007645 0.000000
0.000456 0.000000
-0.029949 0.000000
0.002405 0.000000
-0.019394 0.000000
0.019165 0.000000
0.000910 0.000000
-0.028984 0.000000
0.038705 0.000000
-0.024989 0.000000
0.008795 0.000000
0.001465 0.000000
-0.019964 0.000000
0.019403 0.000000
0.026503 0.000000
-0.027989 0.000000
0.039240 0.000000
0.006148 0.000000
-0.031715 0.000000
0.044236 0.000000
-0.008701 0.000000
0.001313 0.000000
0.018315 0.000000
-0.012752 0.000000
0.017922 0.000000
-0.005500 0.000000
0.027302 0.000000
-0.020021 0.000000
0.021787 0.000000
-0.028484 0.000000
0.032110 0.000000
-0.032110 0.000000
0.028484 0.000000
-0.021787 0.000000
0.020021 0.000000
-0.027302 0.000000
0.005500 0.000000
-0.017922 0.000000
0.012752 0.000000
-0.018315 0.000000
-0.001313 0.000000
0.008701 0.000000
-0.044236 0.000000
0.031715 0.000000
-0.006148 0.000000
-0.039240 0.000000
0.027989 0.000000
-0.026503 0.000000
-0.019403 0.000000
0.019964 0.000000
-0.001465 0.000000
-0.008795 0.000000
0.024989 0.000000
-0.038705 0.000000
0.028984 0.000000
-0.000910 0.000000
-0.019165 0.000000
0.019394 0.000000
-0.002405 0.000000
0.029949 0.000000
-0.000456 0.000000
0.007645 0.000000
-0.033713 0.000000
-0.023775 0.000000
-0.018641 0.000000
0.017606 0.000000
0.025848 0.000000
-0.012732 0.000000
-0.014987 0.000000
0.000558 0.000000
0.007642 0.000000
-0.003131 0.000000
-0.015448 0.000000
0.013078 0.000000
-0.004485 0.000000
0.006018 0.000000
-0.005085 0.000000
0.000769 0.000000
-0.002179 0.000000
0.000280 0.000000
-0.000142 -0.000000
