0.000000 0.000000
-0.000007 -0.000000
0.000124 0.000000
-0.000233 -0.000000
0.000014 0.000000
0.000082 -0.000000
0.000134 0.000000
-0.000041 -0.000000
-0.000085 0.000000
-0.000101 -0.000000
-0.000248 -0.000000
-0.000114 0.000000
-0.000077 -0.000000
-0.000169 0.000000
-0.000108 -0.000000
-0.000196 0.000000
0.000036 -0.000000
0.000282 0.000000
0.000246 -0.000000
0.000139 0.000000
-0.000258 -0.000000
0.000085 0.000000
-0.000047 -0.000000
-0.000078 0.000000
0.000012 -0.000000
0.000136 0.000000
-0.000120 -0.000000
-0.000044 0.000000
-0.000167 0.000000
0.000017 -0.000000
-0.000091 0.000000
0.000302 -0.000000
-0.000175 0.000000
-0.000085 -0.000000
-0.000343 0.000000
-0.000183 -0.000000
-0.000097 0.000000
0.000112 -0.000000
-0.000120 0.000000
-0.000269 -0.000000
-0.000266 0.000000
0.000373 -0.000000
-0.000262 0.000000
-0.000054 -0.000000
0.000182 0.000000
0.000358 -0.000000
0.000329 -0.000000
0.000211 0.000000
0.000084 -0.000000
0.000478 0.000000
0.000186 -0.000000
-0.000184 0.000000
0.000306 -0.000000
-0.000201 0.000000
-0.000012 -0.000000
0.000286 0.000000
-0.000022 -0.000000
0.000255 0.000000
0.000133 -0.000000
0.000057 0.000000
0.000261 -0.000000
0.000180 0.000000
0.000181 -0.000000
-0.000108 0.000000
-0.000218 0.000000
0.000497 -0.000000
-0.000326 0.000000
-0.000218 -0.000000
0.000245 0.000000
0.000076 -0.000000
-0.000164 0.000000
0.000230 -0.000000
0.000034 0.000000
-0.000013 -0.000000
0.000249 0.000000
0.000086 -0.000000
-0.000215 0.000000
0.000508 -0.000000
0.000112 0.000000
0.000116 -0.000000
0.000201 0.000000
0.000246 -0.000000
0.000222 -0.000000
-0.000047 0.000000
0.000037 -0.000000
-0.000528 0.000000
0.000266 -0.000000
-0.000067 0.000000
0.000006 -0.000000
0.000572 0.000000
-0.000222 -0.000000
-0.000191 0.000000
0.000156 -0.000000
-0.000065 0.000000
-0.000002 -0.000000
-0.000082 0.000000
0.000497 -0.000000
-0.000638 0.000000
-0.000217 -0.000000
-0.000424 0.000000
