-0.002741 0.000000
0.000951 -0.000000
0.003687 -0.000000
0.003673 -0.000000
0.000376 -0.000000
0.000696 -0.000000
0.004749 -0.000000
-0.007356 -0.000000
-0.000197 -0.000000
-0.000062 -0.000000
0.003072 -0.000000
-0.007728 -0.000000
0.008875 -0.000000
-0.001655 -0.000000
-0.006904 -0.000000
0.002344 -0.000000
-0.002093 -0.000000
-0.000219 -0.000000
0.018432 -0.000000
0.020128 -0.000000
0.015627 -0.000000
-0.011763 -0.000001
0.020305 -0.000001
0.018177 -0.000001
-0.000879 -0.000001
-0.019187 -0.000001
0.007166 -0.000001
0.013606 -0.000001
-0.023149 -0.000001
-0.001770 -0.000001
0.009905 -0.000001
0.004579 -0.000001
-0.026032 -0.000001
-0.005157 -0.000001
-0.007439 -0.000001
-0.037831 -0.000001
0.018049 -0.000001
-0.009542 -0.000001
-0.020180 -0.000001
0.022893 -0.000001
-0.028643 -0.000001
0.013896 -0.000001
-0.025620 -0.000001
0.016589 -0.000001
-0.027524 -0.000001
-0.007868 -0.000001
0.000879 -0.000001
0.006900 -0.000001
-0.013983 -0.000001
0.001310 -0.000001
-0.001310 -0.000001
0.013983 -0.000001
-0.006900 -0.000001
-0.000879 -0.000001
0.007868 -0.000001
0.027524 -0.000001
-0.016589 -0.000001
0.025620 -0.000001
-0.013896 -0.000001
0.028643 -0.000001
-0.022893 -0.000001
0.020180 -0.000001
0.009542 -0.000001
-0.018049 -0.000001
0.037831 -0.000001
0.007439 -0.000001
0.005157 -0.000001
0.026032 -0.000001
-0.004579 -0.000001
-0.009905 -0.000001
0.001770 -0.000001
0.023149 -0.000001
-0.013606 -0.000001
-0.007166 -0.000001
0.019187 -0.000001
0.000879 -0.000001
-0.018177 -0.000001
-0.020305 -0.000001
0.011763 -0.000001
-0.015627 -0.000000
-0.020128 -0.000000
-0.018432 -0.000000
0.000219 -0.000000
0.002093 -0.000000
-0.002344 -0.000000
0.006904 -0.000000
0.001655 -0.000000
-0.008875 -0.000000
0.007728 -0.000000
-0.003072 -0.000000
0.000062 -0.000000
0.000197 -0.000000
0.007356 -0.000000
-0.004749 -0.000000
-0.000696 -0.000000
-0.000376 -0.000000
-0.003673 -0.000000
-0.003687 -0.000000
-0.000951 -0.000000
0.002741 0.000000
