-0.002317 0.000000
0.000947 -0.000000
0.000794 -0.000000
0.004322 -0.000000
-0.002318 -0.000000
-0.003705 -0.000000
0.001258 -0.000000
0.004824 -0.000000
-0.001242 -0.000000
0.000703 -0.000000
-0.011727 -0.000000
0.002254 -0.000000
-0.000264 -0.000000
-0.005765 -0.000000
0.017356 -0.000000
0.005377 -0.000000
-0.012793 -0.000000
0.000455 -0.000000
0.001562 -0.000000
-0.010852 -0.000000
-0.009671 -0.000000
0.028034 -0.000000
0.022134 -0.000000
0.000123 -0.000000
-0.015765 -0.000000
-0.023104 -0.000000
0.010711 -0.000000
0.001935 -0.000000
0.029817 -0.000000
-0.010057 -0.000000
-0.026562 -0.000000
0.010391 -0.000000
-0.016262 -0.000000
0.014203 -0.000000
-0.025708 -0.000000
-0.022540 -0.000000
0.006591 -0.000000
0.007396 -0.000000
-0.036929 -0.000000
-0.012132 -0.000000
0.002639 -0.000000
-0.011343 -0.000000
0.014031 -0.000000
-0.017687 -0.000000
0.018742 -0.000000
-0.019383 -0.000000
0.005774 -0.000000
-0.013082 -0.000000
0.006179 -0.000000
-0.011171 -0.000001
0.011171 -0.000001
-0.006179 -0.000000
0.013082 -0.000000
-0.005774 -0.000000
0.019383 -0.000000
-0.018742 -0.000000
0.017687 -0.000000
-0.014031 -0.000000
0.011343 -0.000000
-0.002639 -0.000000
0.012132 -0.000000
0.036929 -0.000000
-0.007396 -0.000000
-0.006591 -0.000000
0.022540 -0.000000
0.025708 -0.000000
-0.014203 -0.000000
0.016262 -0.000000
-0.010391 -0.000000
0.026562 -0.000000
0.010057 -0.000000
-0.029817 -0.000000
-0.001935 -0.000000
-0.010711 -0.000000
0.023104 -0.000000
0.015765 -0.000000
-0.000123 -0.000000
-0.022134 -0.000000
-0.028034 -0.000000
0.009671 -0.000000
0.010852 -0.000000
-0.001562 -0.000000
-0.000455 -0.000000
0.012793 -0.000000
-0.005377 -0.000000
-0.017356 -0.000000
0.005765 -0.000000
0.000264 -0.000000
-0.002254 -0.000000
0.011727 -0.000000
-0.000703 -0.000000
0.001242 -0.000000
-0.004824 -0.000000
-0.001258 -0.000000
0.003705 -0.000000
0.002318 -0.000000
-0.004322 -0.000000
-0.000794 -0.000000
-0.000947 -0.000000
0.002317 0.000000
