-0.002695 0.000000
0.001211 -0.000000
0.000453 -0.000000
0.008571 -0.000000
-0.001941 -0.000000
-0.004898 -0.000000
0.006837 -0.000000
0.001632 -0.000000
-0.006839 -0.000000
0.011420 -0.000000
-0.014471 -0.000000
-0.008790 -0.000000
0.004282 -0.000000
0.000543 -0.000000
0.013146 -0.000000
-0.000953 -0.000000
-0.014788 -0.000000
0.001230 -0.000001
0.008136 -0.000001
0.003136 -0.000001
0.003849 -0.000001
0.004831 -0.000001
0.005947 -0.000001
0.020890 -0.000001
-0.001465 -0.000001
-0.017803 -0.000001
0.012380 -0.000001
-0.032964 -0.000001
0.009746 -0.000001
0.033742 -0.000001
-0.043624 -0.000001
0.020788 -0.000001
-0.027522 -0.000001
-0.040795 -0.000001
0.012841 -0.000001
-0.000278 -0.000001
0.011397 -0.000001
-0.002132 -0.000001
-0.030399 -0.000001
0.015953 -0.000001
-0.016896 -0.000001
0.000986 -0.000001
-0.000615 -0.000001
-0.002377 -0.000001
0.019908 -0.000001
-0.030586 -0.000001
0.014372 -0.000001
-0.003205 -0.000001
0.001845 -0.000001
-0.026781 -0.000001
0.026781 -0.000001
-0.001845 -0.000001
0.003205 -0.000001
-0.014372 -0.000001
0.030586 -0.000001
-0.019908 -0.000001
0.002377 -0.000001
0.000615 -0.000001
-0.000986 -0.000001
0.016896 -0.000001
-0.015953 -0.000001
0.030399 -0.000001
0.002132 -0.000001
-0.011397 -0.000001
0.000278 -0.000001
-0.012841 -0.000001
0.040795 -0.000001
0.027522 -0.000001
-0.020788 -0.000001
0.043624 -0.000001
-0.033742 -0.000001
-0.009746 -0.000001
0.032964 -0.000001
-0.012380 -0.000001
0.017803 -0.000001
0.001465 -0.000001
-0.020890 -0.000001
-0.005947 -0.000001
-0.004831 -0.000001
-0.003849 -0.000001
-0.003136 -0.000001
-0.008136 -0.000001
-0.001230 -0.000001
0.014788 -0.000000
0.000953 -0.000000
-0.013146 -0.000000
-0.000543 -0.000000
-0.004282 -0.000000
0.008790 -0.000000
0.014471 -0.000000
-0.011420 -0.000000
0.006839 -0.000000
-0.001632 -0.000000
-0.006837 -0.000000
0.004898 -0.000000
0.001941 -0.000000
-0.008571 -0.000000
-0.000453 -0.000000
-0.001211 -0.000000
0.002695 0.000000
