0.003417 0.000000
-0.000426 0.000000
-0.003675 0.000000
0.005951 0.000000
-0.006404 0.000000
-0.000166 0.000000
0.009990 0.000000
0.003637 0.000001
-0.010348 0.000001
0.021043 0.000001
-0.003964 0.000001
0.004215 0.000001
-0.002259 0.000001
0.013070 0.000001
0.018513 0.000001
-0.003058 0.000001
-0.030419 0.000001
-0.000339 0.000001
0.007480 0.000001
-0.011658 0.000001
0.010341 0.000001
0.007096 0.000002
-0.001987 0.000002
0.016401 0.000002
-0.000304 0.000002
-0.000653 0.000002
-0.002192 0.000002
-0.004442 0.000002
-0.010453 0.000002
0.033372 0.000002
-0.020808 0.000002
-0.015265 0.000002
-0.030734 0.000002
-0.046240 0.000002
0.050273 0.000002
0.014726 0.000002
0.006108 0.000002
-0.012405 0.000002
0.006698 0.000002
0.021132 0.000002
-0.013556 0.000002
0.013680 0.000002
0.012329 0.000002
-0.030718 0.000002
0.049085 0.000002
0.011760 0.000002
-0.033588 0.000002
0.004367 0.000003
0.029114 0.000003
-0.050126 0.000003
0.050126 0.000003
-0.029114 0.000003
-0.004367 0.000003
0.033588 0.000002
-0.011760 0.000002
-0.049085 0.000002
0.030718 0.000002
-0.012329 0.000002
-0.013680 0.000002
0.013556 0.000002
-0.021132 0.000002
-0.006698 0.000002
0.012405 0.000002
-0.006108 0.000002
-0.014726 0.000002
-0.050273 0.000002
0.046240 0.000002
0.030734 0.000002
0.015265 0.000002
0.020808 0.000002
-0.033372 0.000002
0.010453 0.000002
0.004442 0.000002
0.002192 0.000002
0.000653 0.000002
0.000304 0.000002
-0.016401 0.000002
0.001987 0.000002
-0.007096 0.000002
-0.010341 0.000001
0.011658 0.000001
-0.007480 0.000001
0.000339 0.000001
0.030419 0.000001
0.003058 0.000001
-0.018513 0.000001
-0.013070 0.000001
0.002259 0.000001
-0.004215 0.000001
0.003964 0.000001
-0.021043 0.000001
0.010348 0.000001
-0.003637 0.000001
-0.009990 0.000000
0.000166 0.000000
0.006404 0.000000
-0.005951 0.000000
0.003675 0.000000
0.000426 0.000000
-0.003417 -0.000000
