0.000000 0.000000
0.000063 0.000000
-0.000110 -0.000000
0.000351 0.000000
0.000098 -0.000000
-0.000096 0.000000
-0.000100 -0.000000
-0.000124 -0.000000
0.000236 -0.000000
0.000324 -0.000000
0.000251 -0.000000
0.000128 -0.000000
0.000211 0.000000
0.000212 -0.000000
-0.000042 0.000000
-0.000009 -0.000000
0.000223 0.000000
-0.000163 -0.000000
-0.000104 0.000000
-0.000210 -0.000000
0.000107 0.000000
-0.000163 -0.000000
-0.000029 0.000000
0.000021 -0.000000
0.000006 0.000000
0.000108 -0.000000
0.000125 -0.000000
0.000027 -0.000000
0.000275 -0.000000
-0.000039 -0.000000
0.000131 -0.000000
-0.000306 0.000000
0.000249 -0.000000
0.000032 0.000000
0.000128 -0.000000
0.000553 0.000000
0.000171 -0.000000
0.000038 0.000000
0.000150 -0.000000
0.000269 0.000000
0.000518 -0.000000
-0.000176 0.000000
0.000491 -0.000000
0.000179 -0.000000
0.000008 -0.000000
0.000041 -0.000000
-0.000037 -0.000000
0.000109 -0.000000
-0.000104 -0.000000
-0.000440 -0.000000
0.000107 0.000000
0.000193 -0.000000
-0.000154 0.000000
0.000009 -0.000000
-0.000201 0.000000
-0.000251 -0.000000
-0.000341 0.000000
-0.000375 -0.000000
0.000087 0.000000
-0.000244 -0.000000
0.000261 0.000000
-0.000398 -0.000000
-0.000108 -0.000000
0.000072 -0.000000
0.000176 -0.000000
-0.000410 -0.000000
0.000162 -0.000000
-0.000275 0.000000
-0.000079 -0.000000
0.000113 0.000000
0.000202 -0.000000
-0.000018 0.000000
-0.000333 -0.000000
-0.000055 0.000000
-0.000123 -0.000000
-0.000200 0.000000
0.000233 -0.000000
-0.000150 0.000000
-0.000115 -0.000000
-0.000523 -0.000000
-0.000431 -0.000000
0.000049 -0.000000
-0.000017 -0.000000
-0.000118 -0.000000
-0.000412 -0.000000
-0.000413 -0.000000
-0.000186 0.000000
-0.000552 -0.000000
0.000153 0.000000
-0.000295 -0.000000
0.000259 0.000000
0.000123 -0.000000
0.000134 0.000000
0.000510 -0.000000
-0.000241 0.000000
-0.000155 -0.000000
-0.000055 0.000000
0.000145 -0.000000
0.000392 -0.000000
0.000568 -0.000000
