0.000234 0.000000
-0.000145 0.000000
-0.001374 0.000000
0.003677 0.000000
-0.002454 0.000000
-0.000875 0.000000
0.010261 0.000000
-0.000204 0.000000
-0.004251 0.000000
0.012435 0.000000
-0.016474 0.000000
0.010806 0.000000
0.006936 0.000000
0.013082 0.000000
0.012975 0.000001
-0.003753 0.000001
-0.034018 0.000001
0.001583 0.000001
0.003817 0.000001
-0.029528 0.000001
-0.021149 0.000001
0.016930 0.000001
0.006381 0.000001
0.009174 0.000001
0.003029 0.000001
0.019328 0.000001
0.015644 0.000001
-0.011514 0.000001
0.002917 0.000001
-0.000405 0.000001
-0.031897 0.000001
-0.006621 0.000001
-0.016887 0.000001
-0.021880 0.000001
0.028395 0.000001
0.032218 0.000001
0.031165 0.000001
0.004776 0.000001
-0.041496 0.000001
0.018974 0.000001
0.039563 0.000001
0.012117 0.000001
-0.061961 0.000001
0.002156 0.000001
0.001458 0.000001
0.008335 0.000001
0.013826 0.000001
0.010454 0.000001
-0.036974 0.000001
-0.035338 0.000001
0.035338 0.000001
0.036974 0.000001
-0.010454 0.000001
-0.013826 0.000001
-0.008335 0.000001
-0.001458 0.000001
-0.002156 0.000001
0.061961 0.000001
-0.012117 0.000001
-0.039563 0.000001
-0.018974 0.000001
0.041496 0.000001
-0.004776 0.000001
-0.031165 0.000001
-0.032218 0.000001
-0.028395 0.000001
0.021880 0.000001
0.016887 0.000001
0.006621 0.000001
0.031897 0.000001
0.000405 0.000001
-0.002917 0.000001
0.011514 0.000001
-0.015644 0.000001
-0.019328 0.000001
-0.003029 0.000001
-0.009174 0.000001
-0.006381 0.000001
-0.016930 0.000001
0.021149 0.000001
0.029528 0.000001
-0.003817 0.000001
-0.001583 0.000001
0.034018 0.000001
0.003753 0.000001
-0.012975 0.000001
-0.013082 0.000000
-0.006936 0.000000
-0.010806 0.000000
0.016474 0.000000
-0.012435 0.000000
0.004251 0.000000
0.000204 0.000000
-0.010261 0.000000
0.000875 0.000000
0.002454 0.000000
-0.003677 0.000000
0.001374 0.000000
0.000145 0.000000
-0.000234 -0.000000
