-0.006121 0.000000
0.007928 0.000000
0.001764 0.000000
-0.003559 0.000000
-0.005235 0.000000
-0.003621 0.000000
-0.000951 0.000000
0.002980 0.000000
0.006403 0.000000
0.009678 0.000000
0.012636 0.000000
0.015128 0.000000
0.017051 0.000000
0.018472 0.000000
0.019493 0.000000
0.020450 0.000000
0.020769 0.000000
0.021134 0.000000
0.021216 0.000000
0.021090 0.000000
0.020906 0.000000
0.020703 0.000000
0.020179 0.000000
0.019830 0.000000
0.019349 0.000000
0.018946 0.000000
0.018099 0.000000
0.017489 0.000000
0.016874 0.000000
0.016379 0.000000
0.015373 0.000000
0.014911 0.000000
0.014354 0.000000
0.013688 0.000000
0.012998 0.000000
0.012601 0.000000
0.011906 0.000000
0.011476 0.000000
0.010802 0.000000
0.010223 0.000000
0.009620 0.000000
0.009358 0.000001
0.008612 0.000001
0.008326 0.000001
0.007786 0.000001
0.007606 0.000001
0.006934 0.000001
0.006612 0.000001
0.005940 0.000001
0.005947 0.000001
0.005505 0.000001
0.005261 0.000001
0.004657 0.000001
0.004504 0.000001
0.004162 0.000001
0.004030 0.000001
0.003594 0.000001
0.003502 0.000001
0.003018 0.000001
0.002815 0.000001
0.002616 0.000001
0.002260 0.000001
0.002093 0.000001
0.002039 0.000001
0.001709 0.000001
0.001470 0.000001
0.001343 0.000001
0.001533 0.000001
0.001183 0.000001
0.000900 0.000001
0.000915 0.000001
0.000896 0.000001
0.000500 0.000001
0.000455 0.000001
0.000384 0.000001
0.000515 0.000001
0.000316 0.000001
0.000414 0.000001
0.000060 0.000001
0.000568 0.000001
-0.000211 0.000001
0.000436 0.000001
0.000014 0.000001
0.000358 0.000001
0.000034 0.000001
0.000091 0.000001
0.000193 0.000001
0.000365 0.000001
0.000304 0.000001
0.000176 0.000001
0.000046 0.000001
0.000294 0.000001
-0.000192 0.000001
0.000318 0.000001
-0.000189 0.000001
-0.000145 0.000001
0.000320 0.000001
-0.000268 0.000001
-0.000344 0.000001
0.000602 0.000001
