0.002161 0.000000
-0.000159 0.000000
-0.003065 0.000000
0.007049 0.000000
-0.004295 0.000000
-0.002989 0.000000
0.010217 0.000000
0.002276 0.000000
-0.009152 0.000000
0.020876 0.000000
-0.009197 0.000000
-0.002424 0.000000
0.001720 0.000000
0.009489 0.000001
0.015142 0.000001
-0.006485 0.000001
-0.025100 0.000001
0.002935 0.000001
0.008881 0.000001
-0.005263 0.000001
0.006118 0.000001
-0.000960 0.000001
-0.006316 0.000001
0.018885 0.000001
0.003792 0.000001
-0.011915 0.000001
0.000717 0.000001
-0.019182 0.000001
-0.002716 0.000001
0.040662 0.000001
-0.034921 0.000001
0.001157 0.000001
-0.024978 0.000001
-0.050895 0.000001
0.046715 0.000001
0.022322 0.000001
0.012646 0.000001
-0.012946 0.000001
-0.002738 0.000001
0.029716 0.000001
-0.014622 0.000001
0.004861 0.000001
0.014719 0.000001
-0.012991 0.000001
0.028273 0.000001
-0.012060 0.000001
-0.007285 0.000001
0.001631 0.000001
0.020475 0.000001
-0.042619 0.000001
0.042619 0.000001
-0.020475 0.000001
-0.001631 0.000001
0.007285 0.000001
0.012060 0.000001
-0.028273 0.000001
0.012991 0.000001
-0.014719 0.000001
-0.004861 0.000001
0.014622 0.000001
-0.029716 0.000001
0.002738 0.000001
0.012946 0.000001
-0.012646 0.000001
-0.022322 0.000001
-0.046715 0.000001
0.050895 0.000001
0.024978 0.000001
-0.001157 0.000001
0.034921 0.000001
-0.040662 0.000001
0.002716 0.000001
0.019182 0.000001
-0.000717 0.000001
0.011915 0.000001
-0.003792 0.000001
-0.018885 0.000001
0.006316 0.000001
0.000960 0.000001
-0.006118 0.000001
0.005263 0.000001
-0.008881 0.000001
-0.002935 0.000001
0.025100 0.000001
0.006485 0.000001
-0.015142 0.000001
-0.009489 0.000001
-0.001720 0.000000
0.002424 0.000000
0.009197 0.000000
-0.020876 0.000000
0.009152 0.000000
-0.002276 0.000000
-0.010217 0.000000
0.002989 0.000000
0.004295 0.000000
-0.007049 0.000000
0.003065 0.000000
0.000159 0.000000
-0.002161 -0.000000
