0.000000 0.000000
0.000034 0.000000
0.000175 0.000000
-0.000154 0.000000
0.000066 0.000000
0.000152 0.000000
0.000063 0.000000
0.000120 0.000000
0.000163 0.000000
0.000071 0.000000
-0.000035 0.000000
0.000081 0.000000
-0.000104 0.000000
0.000138 0.000000
-0.000121 0.000000
0.000140 0.000000
0.000278 0.000000
0.000049 0.000000
0.000300 0.000000
0.000161 0.000000
0.000101 0.000000
0.000083 0.000000
0.000129 0.000000
0.000336 0.000000
0.000278 0.000000
-0.000148 0.000000
0.000362 0.000000
0.000227 0.000000
0.000191 0.000000
0.000242 0.000000
-0.000161 0.000000
-0.000043 0.000000
0.000172 0.000000
0.000048 0.000000
-0.000059 0.000000
-0.000039 0.000000
0.000185 0.000000
0.000174 0.000000
-0.000158 0.000000
0.000363 0.000000
0.000354 0.000000
-0.000259 0.000000
0.000000 0.000000
0.000048 0.000000
-0.000238 0.000000
-0.000228 0.000000
-0.000315 0.000000
-0.000014 0.000000
-0.000064 0.000000
-0.000009 0.000000
0.000264 0.000000
-0.000112 0.000000
0.000263 0.000000
0.000181 0.000000
0.000124 0.000000
-0.000503 0.000000
0.000231 0.000000
0.000505 0.000000
0.000380 0.000000
-0.000124 0.000000
-0.000102 0.000000
-0.000165 0.000000
-0.000264 0.000000
-0.000164 0.000000
0.000220 0.000000
-0.000427 0.000000
-0.000058 0.000000
0.000108 0.000000
0.000110 0.000000
-0.000619 0.000000
-0.000039 0.000000
-0.000184 0.000000
-0.000090 0.000000
0.000176 0.000000
-0.000453 0.000000
0.000053 0.000000
-0.000214 0.000000
-0.000416 0.000000
0.000109 0.000000
-0.000178 0.000000
-0.000288 0.000000
-0.000286 0.000000
-0.000345 0.000000
-0.000074 0.000000
0.000047 0.000000
-0.000289 0.000000
0.000508 0.000000
-0.000162 0.000000
0.000039 0.000000
0.000549 0.000000
-0.000029 0.000000
-0.000014 0.000000
0.000142 0.000000
0.000200 0.000000
0.000558 0.000000
0.000176 0.000000
0.000140 0.000000
0.000077 0.000000
0.000436 0.000000
0.000369 0.000000
