-0.000852 0.000000
0.009409 0.000000
-0.009864 0.000000
-0.002772 0.000000
0.007370 0.000000
0.017471 0.000000
0.023460 0.000000
0.029103 0.000000
0.031485 0.000000
0.033960 0.000000
0.034148 0.000000
0.035098 0.000000
0.034416 0.000000
0.034252 0.000000
0.032772 0.000000
0.032351 0.000000
0.030489 0.000000
0.029910 0.000000
0.027963 0.000000
0.027011 0.000000
0.025492 0.000000
0.024759 0.000000
0.022937 0.000000
0.022198 0.000000
0.020347 0.000000
0.019636 0.000000
0.018223 0.000000
0.017665 0.000000
0.016179 0.000000
0.015778 0.000000
0.013713 0.000000
0.013843 0.000000
0.012201 0.000000
0.011563 0.000000
0.010649 0.000001
0.010120 0.000001
0.008469 0.000001
0.008772 0.000001
0.007330 0.000001
0.007400 0.000001
0.005769 0.000001
0.005438 0.000001
0.004596 0.000001
0.004305 0.000001
0.003142 0.000001
0.003231 0.000001
0.001686 0.000001
0.001874 0.000001
0.000742 0.000001
0.000862 0.000001
-0.000862 0.000001
-0.000742 0.000001
-0.001874 0.000001
-0.001686 0.000001
-0.003231 0.000001
-0.003142 0.000001
-0.004305 0.000001
-0.004596 0.000001
-0.005438 0.000001
-0.005769 0.000001
-0.007400 0.000001
-0.007330 0.000001
-0.008772 0.000001
-0.008469 0.000001
-0.010120 0.000001
-0.010649 0.000001
-0.011563 0.000000
-0.012201 0.000000
-0.013843 0.000000
-0.013713 0.000000
-0.015778 0.000000
-0.016179 0.000000
-0.017665 0.000000
-0.018223 0.000000
-0.019636 0.000000
-0.020347 0.000000
-0.022198 0.000000
-0.022937 0.000000
-0.024759 0.000000
-0.025492 0.000000
-0.027011 0.000000
-0.027963 0.000000
-0.029910 0.000000
-0.030489 0.000000
-0.032351 0.000000
-0.032772 0.000000
-0.034252 0.000000
-0.034416 0.000000
-0.035098 0.000000
-0.034148 0.000000
-0.033960 0.000000
-0.031485 0.000000
-0.029103 0.000000
-0.023460 0.000000
-0.017471 0.000000
-0.007370 0.000000
0.002772 0.000000
0.009864 0.000000
-0.009409 0.000000
0.000852 0.000000
