-0.001958 0.000000
0.019308 0.000000
-0.053262 0.000000
-0.066620 0.000000
-0.063928 0.000000
-0.052730 0.000000
-0.044772 0.000000
-0.033896 0.000000
-0.027983 0.000000
-0.020011 0.000000
-0.016408 0.000000
-0.010336 0.000000
-0.008237 0.000000
-0.003893 0.000000
-0.003175 0.000000
0.000280 0.000000
0.000142 0.000000
0.002940 0.000000
0.002307 0.000000
0.004470 0.000000
0.003762 0.000000
0.005642 0.000000
0.004502 0.000000
0.006161 0.000000
0.004709 0.000000
0.006157 0.000000
0.004831 0.000000
0.006352 0.000000
0.004815 0.000000
0.006215 0.000000
0.004125 0.000000
0.005826 0.000000
0.004041 0.000000
0.005199 0.000000
0.003792 0.000000
0.004766 0.000000
0.002857 0.000000
0.004444 0.000000
0.002592 0.000000
0.003984 0.000000
0.001958 0.000000
0.003052 0.000000
0.001507 0.000000
0.002566 0.000000
0.000790 0.000000
0.002150 0.000000
0.000083 0.000000
0.001527 0.000000
-0.000253 0.000000
0.001105 0.000000
-0.001105 0.000000
0.000253 0.000000
-0.001527 0.000000
-0.000083 0.000000
-0.002150 0.000000
-0.000790 0.000000
-0.002566 0.000000
-0.001507 0.000000
-0.003052 0.000000
-0.001958 0.000000
-0.003984 0.000000
-0.002592 0.000000
-0.004444 0.000000
-0.002857 0.000000
-0.004766 0.000000
-0.003792 0.000000
-0.005199 0.000000
-0.004041 0.000000
-0.005826 0.000000
-0.004125 0.000000
-0.006215 0.000000
-0.004815 0.000000
-0.006352 0.000000
-0.004831 0.000000
-0.006157 0.000000
-0.004709 0.000000
-0.006161 0.000000
-0.004502 0.000000
-0.005642 0.000000
-0.003762 0.000000
-0.004470 0.000000
-0.002307 0.000000
-0.002940 0.000000
-0.000142 0.000000
-0.000280 0.000000
0.003175 0.000000
0.003893 0.000000
0.008237 0.000000
0.010336 0.000000
0.016408 0.000000
0.020011 0.000000
0.027983 0.000000
0.033896 0.000000
0.044772 0.000000
0.052730 0.000000
0.063928 0.000000
0.066620 0.000000
0.053262 0.000000
-0.019308 0.000000
0.001958 0.000000
