0.000000 0.000000
0.000283 -0.000000
-0.002203 0.000000
0.002204 -0.000000
0.000614 0.000000
-0.001790 -0.000000
-0.002711 0.000000
-0.001945 0.000000
-0.000101 0.000000
0.002245 0.000000
0.004590 0.000000
0.006750 0.000000
0.008526 -0.000000
0.009926 0.000000
0.010894 -0.000000
0.011599 0.000000
0.011886 -0.000000
0.011999 0.000000
0.011842 -0.000000
0.011589 0.000000
0.011163 -0.000000
0.010679 0.000000
0.010105 -0.000000
0.009524 0.000000
0.008883 -0.000000
0.008277 0.000000
0.007633 0.000000
0.007035 0.000000
0.006430 0.000000
0.005871 0.000000
0.005327 0.000000
0.004816 -0.000000
0.004313 0.000000
0.003871 -0.000000
0.003433 0.000000
0.003054 -0.000000
0.002666 0.000000
0.002356 -0.000000
0.002024 0.000000
0.001762 -0.000000
0.001483 0.000000
0.001262 -0.000000
0.001036 0.000000
0.000879 0.000000
0.000673 0.000000
0.000542 0.000000
0.000376 0.000000
0.000259 0.000000
0.000146 -0.000000
0.000060 0.000000
-0.000047 -0.000000
-0.000100 0.000000
-0.000194 -0.000000
-0.000231 0.000000
-0.000290 -0.000000
-0.000314 0.000000
-0.000361 -0.000000
-0.000376 0.000000
-0.000401 -0.000000
-0.000411 0.000000
-0.000415 -0.000000
-0.000431 0.000000
-0.000461 0.000000
-0.000429 0.000000
-0.000452 0.000000
-0.000422 0.000000
-0.000407 0.000000
-0.000417 -0.000000
-0.000403 0.000000
-0.000390 -0.000000
-0.000367 0.000000
-0.000360 -0.000000
-0.000345 0.000000
-0.000325 -0.000000
-0.000318 0.000000
-0.000295 -0.000000
-0.000272 0.000000
-0.000239 -0.000000
-0.000234 0.000000
-0.000212 -0.000000
-0.000195 0.000000
-0.000154 0.000000
-0.000157 0.000000
-0.000120 0.000000
-0.000125 0.000000
-0.000064 0.000000
-0.000084 -0.000000
-0.000053 0.000000
-0.000050 -0.000000
-0.000014 0.000000
-0.000050 -0.000000
0.000017 0.000000
0.000039 -0.000000
0.000040 0.000000
0.000049 -0.000000
0.000087 0.000000
0.000078 -0.000000
0.000103 0.000000
0.000110 0.000000
0.000145 0.000000
