0.000000 0.000000
0.000326 -0.000000
-0.003320 0.000000
-0.000570 -0.000000
-0.004981 0.000000
-0.010835 -0.000000
-0.015133 0.000000
-0.017207 -0.000000
-0.017500 0.000000
-0.016558 0.000000
-0.014960 0.000000
-0.013010 0.000000
-0.011013 -0.000000
-0.009069 0.000000
-0.007322 -0.000000
-0.005688 0.000000
-0.004373 -0.000000
-0.003180 0.000000
-0.002236 -0.000000
-0.001402 0.000000
-0.000765 -0.000000
-0.000224 0.000000
0.000173 -0.000000
0.000514 0.000000
0.000735 -0.000000
0.000933 0.000000
0.001033 0.000000
0.001126 0.000000
0.001153 0.000000
0.001177 -0.000000
0.001168 0.000000
0.001139 -0.000000
0.001076 0.000000
0.001041 -0.000000
0.000967 0.000000
0.000916 -0.000000
0.000828 0.000000
0.000782 -0.000000
0.000691 0.000000
0.000644 -0.000000
0.000556 0.000000
0.000511 -0.000000
0.000431 0.000000
0.000404 -0.000000
0.000320 0.000000
0.000298 0.000000
0.000220 0.000000
0.000182 0.000000
0.000136 -0.000000
0.000111 0.000000
0.000057 -0.000000
0.000047 0.000000
-0.000010 -0.000000
-0.000015 0.000000
-0.000053 -0.000000
-0.000059 0.000000
-0.000089 -0.000000
-0.000094 0.000000
-0.000118 -0.000000
-0.000119 0.000000
-0.000129 -0.000000
-0.000139 0.000000
-0.000170 -0.000000
-0.000150 0.000000
-0.000178 0.000000
-0.000154 -0.000000
-0.000162 0.000000
-0.000166 -0.000000
-0.000175 0.000000
-0.000161 -0.000000
-0.000166 0.000000
-0.000159 -0.000000
-0.000168 0.000000
-0.000156 -0.000000
-0.000164 0.000000
-0.000148 -0.000000
-0.000148 0.000000
-0.000127 -0.000000
-0.000138 0.000000
-0.000126 -0.000000
-0.000126 0.000000
-0.000101 0.000000
-0.000113 0.000000
-0.000093 0.000000
-0.000103 -0.000000
-0.000067 0.000000
-0.000085 -0.000000
-0.000077 0.000000
-0.000078 -0.000000
-0.000056 0.000000
-0.000096 -0.000000
-0.000041 0.000000
-0.000032 -0.000000
-0.000038 0.000000
-0.000038 -0.000000
-0.000016 0.000000
-0.000028 -0.000000
-0.000010 0.000000
-0.000013 -0.000000
0.000016 0.000000
