0.000000 0.000000
0.007015 -0.000000
0.012303 0.000000
0.022664 -0.000000
0.023368 0.000000
0.019358 -0.000000
0.014283 0.000000
0.009824 -0.000000
0.006335 0.000000
0.003851 0.000000
0.002113 -0.000000
0.001004 0.000000
0.000283 -0.000000
-0.000110 0.000000
-0.000347 -0.000000
-0.000382 0.000000
-0.000433 -0.000000
-0.000363 0.000000
-0.000320 -0.000000
-0.000212 0.000000
-0.000150 -0.000000
-0.000051 0.000000
-0.000000 -0.000000
0.000085 0.000000
0.000117 -0.000000
0.000184 0.000000
0.000196 -0.000000
0.000243 0.000000
0.000242 0.000000
0.000273 -0.000000
0.000280 0.000000
0.000282 -0.000000
0.000257 0.000000
0.000274 -0.000000
0.000247 0.000000
0.000254 -0.000000
0.000222 0.000000
0.000231 -0.000000
0.000194 0.000000
0.000202 -0.000000
0.000164 0.000000
0.000171 -0.000000
0.000135 0.000000
0.000147 -0.000000
0.000109 0.000000
0.000132 0.000000
0.000081 0.000000
0.000085 0.000000
0.000058 -0.000000
0.000063 0.000000
0.000034 -0.000000
0.000047 0.000000
0.000012 -0.000000
0.000026 0.000000
-0.000001 -0.000000
0.000011 0.000000
-0.000014 -0.000000
-0.000001 0.000000
-0.000026 -0.000000
-0.000010 0.000000
-0.000020 -0.000000
-0.000020 0.000000
-0.000044 -0.000000
-0.000026 0.000000
-0.000053 0.000000
-0.000029 -0.000000
-0.000050 0.000000
-0.000035 -0.000000
-0.000057 0.000000
-0.000035 -0.000000
-0.000055 0.000000
-0.000039 -0.000000
-0.000059 0.000000
-0.000044 -0.000000
-0.000059 0.000000
-0.000034 -0.000000
-0.000054 0.000000
-0.000035 -0.000000
-0.000053 0.000000
-0.000037 -0.000000
-0.000053 0.000000
-0.000030 -0.000000
-0.000051 0.000000
-0.000031 0.000000
-0.000048 -0.000000
-0.000022 0.000000
-0.000043 -0.000000
-0.000030 0.000000
-0.000044 -0.000000
-0.000020 0.000000
-0.000052 -0.000000
-0.000015 0.000000
-0.000025 -0.000000
-0.000020 0.000000
-0.000031 -0.000000
-0.000013 0.000000
-0.000029 -0.000000
-0.000011 0.000000
-0.000027 -0.000000
-0.000001 0.000000
