-0.004459 0.000000
0.000271 -0.000000
0.002833 -0.000000
0.001284 -0.000001
-0.001857 -0.000001
0.001847 -0.000001
-0.003662 -0.000001
0.000422 -0.000001
-0.008322 -0.000001
-0.009616 -0.000002
0.001570 -0.000002
-0.004796 -0.000002
-0.003968 -0.000002
0.001039 -0.000002
0.009769 -0.000002
0.017941 -0.000003
0.003845 -0.000003
-0.008169 -0.000003
-0.030435 -0.000003
0.003468 -0.000003
0.001878 -0.000003
0.002553 -0.000003
0.015260 -0.000004
0.006591 -0.000004
-0.011322 -0.000004
0.018796 -0.000004
0.024691 -0.000004
0.002464 -0.000004
0.011977 -0.000004
0.029880 -0.000004
0.024246 -0.000004
0.001763 -0.000005
0.009287 -0.000005
0.008252 -0.000005
-0.000314 -0.000005
-0.044358 -0.000005
-0.071588 -0.000005
-0.033049 -0.000005
-0.000643 -0.000005
-0.010224 -0.000005
-0.030647 -0.000005
-0.039150 -0.000005
-0.034771 -0.000005
-0.028071 -0.000005
0.009655 -0.000005
0.026584 -0.000005
-0.013013 -0.000005
0.015875 -0.000005
-0.025541 -0.000005
-0.019104 -0.000005
0.019104 -0.000005
0.025541 -0.000005
-0.015875 -0.000005
0.013013 -0.000005
-0.026584 -0.000005
-0.009655 -0.000005
0.028071 -0.000005
0.034771 -0.000005
0.039150 -0.000005
0.030647 -0.000005
0.010224 -0.000005
0.000643 -0.000005
0.033049 -0.000005
0.071588 -0.000005
0.044358 -0.000005
0.000314 -0.000005
-0.008252 -0.000005
-0.009287 -0.000005
-0.001763 -0.000005
-0.024246 -0.000004
-0.029880 -0.000004
-0.011977 -0.000004
-0.002464 -0.000004
-0.024691 -0.000004
-0.018796 -0.000004
0.011322 -0.000004
-0.006591 -0.000004
-0.015260 -0.000004
-0.002553 -0.000003
-0.001878 -0.000003
-0.003468 -0.000003
0.030435 -0.000003
0.008169 -0.000003
-0.003845 -0.000003
-0.017941 -0.000003
-0.009769 -0.000002
-0.001039 -0.000002
0.003968 -0.000002
0.004796 -0.000002
-0.001570 -0.000002
0.009616 -0.000002
0.008322 -0.000001
-0.000422 -0.000001
0.003662 -0.000001
-0.001847 -0.000001
0.001857 -0.000001
-0.001284 -0.000001
-0.002833 -0.000000
-0.000271 -0.000000
0.004459 0.000000
