-0.000000 0.000000
0.000022 -0.000036
-0.000071 -0.000071
0.000021 -0.000107
0.000054 -0.000142
0.000041 -0.000178
0.000010 -0.000214
-0.000012 -0.000249
-0.000025 -0.000285
-0.000035 -0.000320
-0.000036 -0.000356
-0.000033 -0.000391
-0.000022 -0.000427
-0.000021 -0.000462
-0.000010 -0.000498
-0.000001 -0.000533
0.000007 -0.000569
0.000013 -0.000604
0.000016 -0.000640
0.000020 -0.000675
0.000027 -0.000710
0.000026 -0.000746
0.000023 -0.000781
0.000030 -0.000816
0.000028 -0.000851
0.000026 -0.000887
0.000018 -0.000922
0.000022 -0.000957
0.000020 -0.000992
0.000018 -0.001027
0.000014 -0.001062
0.000016 -0.001097
0.000010 -0.001132
0.000006 -0.001167
0.000001 -0.001202
0.000004 -0.001236
0.000001 -0.001271
-0.000003 -0.001306
-0.000005 -0.001340
-0.000005 -0.001375
-0.000006 -0.001410
-0.000009 -0.001444
-0.000014 -0.001478
-0.000013 -0.001513
-0.000014 -0.001547
-0.000017 -0.001581
-0.000015 -0.001615
-0.000010 -0.001650
-0.000013 -0.001684
-0.000019 -0.001718
-0.000019 -0.001751
-0.000017 -0.001785
-0.000018 -0.001819
-0.000020 -0.001853
-0.000016 -0.001886
-0.000015 -0.001920
-0.000014 -0.001953
-0.000017 -0.001987
-0.000014 -0.002020
-0.000012 -0.002053
-0.000016 -0.002086
-0.000015 -0.002119
-0.000011 -0.002152
-0.000007 -0.002185
-0.000008 -0.002218
-0.000010 -0.002251
-0.000007 -0.002283
-0.000004 -0.002316
0.000001 -0.002348
-0.000002 -0.002381
-0.000002 -0.002413
0.000009 -0.002445
-0.000004 -0.002477
0.000000 -0.002509
0.000005 -0.002541
0.000007 -0.002573
0.000003 -0.002605
0.000001 -0.002636
0.000009 -0.002668
0.000016 -0.002699
0.000009 -0.002730
0.000013 -0.002761
0.000016 -0.002792
0.000021 -0.002823
0.000014 -0.002854
0.000020 -0.002885
0.000018 -0.002915
0.000025 -0.002946
0.000019 -0.002976
0.000022 -0.003006
0.000012 -0.003036
0.000023 -0.003066
0.000020 -0.003096
0.000021 -0.003126
0.000029 -0.003156
0.000032 -0.003185
0.000024 -0.003215
0.000024 -0.003244
0.000028 -0.003273
0.000031 -0.003302
