0.000000 0.000000
-0.000941 0.000000
0.002695 0.000000
-0.000521 0.000000
-0.002162 0.000000
-0.002138 0.000000
-0.001199 0.000000
-0.000312 0.000000
0.000516 0.000000
0.001034 0.000000
0.001321 0.000000
0.001409 0.000000
0.001299 0.000000
0.001131 0.000000
0.000824 0.000000
0.000454 0.000000
0.000147 0.000000
-0.000224 0.000000
-0.000553 0.000000
-0.000873 0.000000
-0.001188 0.000000
-0.001455 0.000000
-0.001610 0.000000
-0.001888 0.000000
-0.002005 0.000000
-0.002164 0.000000
-0.002158 0.000000
-0.002309 0.000000
-0.002298 0.000000
-0.002356 0.000000
-0.002286 0.000000
-0.002293 0.000000
-0.002162 0.000000
-0.002106 0.000000
-0.001963 0.000000
-0.001933 0.000000
-0.001738 0.000000
-0.001652 0.000000
-0.001457 0.000000
-0.001320 0.000000
-0.001160 0.000000
-0.001005 0.000000
-0.000783 0.000000
-0.000600 0.000000
-0.000399 0.000000
-0.000269 0.000000
-0.000055 0.000000
0.000109 0.000000
0.000300 0.000000
0.000477 0.000000
0.000701 0.000000
0.000888 0.000000
0.001104 0.000000
0.001257 0.000000
0.001458 0.000000
0.001643 0.000000
0.001827 0.000000
0.001991 0.000000
0.002184 0.000000
0.002328 0.000000
0.002521 0.000000
0.002672 0.000000
0.002817 0.000000
0.002974 0.000000
0.003149 0.000000
0.003276 0.000000
0.003422 0.000000
0.003535 0.000000
0.003682 0.000000
0.003798 0.000000
0.003974 0.000000
0.004072 0.000000
0.004246 0.000000
0.004317 0.000000
0.004413 0.000000
0.004439 0.000000
0.004674 0.000000
0.004775 0.000000
0.004864 0.000000
0.004945 0.000000
0.005044 0.000000
0.005111 0.000000
0.005198 0.000000
0.005257 0.000000
0.005376 0.000000
0.005366 0.000000
0.005502 0.000000
0.005493 0.000000
0.005630 0.000000
0.005663 0.000000
0.005825 0.000000
0.005767 0.000000
0.005893 0.000000
0.005921 0.000000
0.005982 0.000000
0.006004 0.000000
0.006053 0.000000
0.006101 0.000000
0.006046 0.000000
0.006129 0.000000
