0.000084 0.000000
-0.000066 -0.000000
0.000467 -0.000000
-0.000194 -0.000000
-0.000062 -0.000000
0.001130 -0.000000
0.002229 -0.000000
-0.006470 -0.000000
0.002234 -0.000000
-0.004068 -0.000000
-0.001272 -0.000000
-0.006172 -0.000000
-0.000491 -0.000000
0.011428 -0.000000
-0.003397 -0.000000
-0.001559 -0.000000
0.006738 -0.000000
0.008460 -0.000000
0.016280 -0.000000
0.003815 -0.000000
-0.007071 -0.000000
0.005613 -0.000000
-0.033414 -0.000000
-0.003347 -0.000000
-0.013102 -0.000000
-0.015421 -0.000000
0.007088 -0.000000
0.019246 -0.000000
0.008815 -0.000000
-0.005318 -0.000000
-0.007017 -0.000000
-0.007171 -0.000000
0.027018 -0.000000
-0.044410 -0.000000
0.021398 -0.000000
-0.011021 -0.000000
0.006343 -0.000000
0.041000 -0.000000
0.030902 -0.000000
0.025344 -0.000000
0.004868 -0.000000
-0.044310 -0.000000
0.012916 -0.000000
0.008365 -0.000000
0.031812 -0.000000
-0.034515 -0.000000
0.010407 -0.000000
0.015520 -0.000000
-0.007871 -0.000000
0.005917 -0.000000
-0.005917 -0.000000
0.007871 -0.000000
-0.015520 -0.000000
-0.010407 -0.000000
0.034515 -0.000000
-0.031812 -0.000000
-0.008365 -0.000000
-0.012916 -0.000000
0.044310 -0.000000
-0.004868 -0.000000
-0.025344 -0.000000
-0.030902 -0.000000
-0.041000 -0.000000
-0.006343 -0.000000
0.011021 -0.000000
-0.021398 -0.000000
0.044410 -0.000000
-0.027018 -0.000000
0.007171 -0.000000
0.007017 -0.000000
0.005318 -0.000000
-0.008815 -0.000000
-0.019246 -0.000000
-0.007088 -0.000000
0.015421 -0.000000
0.013102 -0.000000
0.003347 -0.000000
0.033414 -0.000000
-0.005613 -0.000000
0.007071 -0.000000
-0.003815 -0.000000
-0.016280 -0.000000
-0.008460 -0.000000
-0.006738 -0.000000
0.001559 -0.000000
0.003397 -0.000000
-0.011428 -0.000000
0.000491 -0.000000
0.006172 -0.000000
0.001272 -0.000000
0.004068 -0.000000
-0.002234 -0.000000
0.006470 -0.000000
-0.002229 -0.000000
-0.001130 -0.000000
0.000062 -0.000000
0.000194 -0.000000
-0.000467 -0.000000
0.000066 -0.000000
-0.000084 -0.000000
