0.000000 0.000000
-0.001885 0.000000
0.005165 0.000000
-0.000993 0.000000
-0.004436 0.000000
-0.004624 0.000000
-0.002940 0.000000
-0.001200 0.000000
0.000510 0.000000
0.001651 0.000000
0.002361 0.000000
0.002648 0.000000
0.002552 0.000000
0.002238 0.000000
0.001661 0.000000
0.000906 0.000000
0.000208 0.000000
-0.000643 0.000000
-0.001458 0.000000
-0.002290 0.000000
-0.003120 0.000000
-0.003908 0.000000
-0.004502 0.000000
-0.005302 0.000000
-0.005844 0.000000
-0.006461 0.000000
-0.006802 0.000000
-0.007385 0.000000
-0.007698 0.000000
-0.008121 0.000000
-0.008315 0.000000
-0.008629 0.000000
-0.008712 0.000000
-0.008910 0.000000
-0.008945 0.000000
-0.009157 0.000000
-0.009073 0.000000
-0.009180 0.000000
-0.009069 0.000000
-0.009066 0.000000
-0.008988 0.000000
-0.008936 0.000000
-0.008752 0.000000
-0.008627 0.000000
-0.008442 0.000000
-0.008386 0.000000
-0.008150 0.000000
-0.008021 0.000000
-0.007809 0.000000
-0.007657 0.000000
-0.007377 0.000000
-0.007183 0.000000
-0.006905 0.000000
-0.006740 0.000000
-0.006465 0.000000
-0.006258 0.000000
-0.005974 0.000000
-0.005776 0.000000
-0.005495 0.000000
-0.005326 0.000000
-0.005031 0.000000
-0.004812 0.000000
-0.004593 0.000000
-0.004374 0.000000
-0.004074 0.000000
-0.003883 0.000000
-0.003644 0.000000
-0.003454 0.000000
-0.003205 0.000000
-0.003026 0.000000
-0.002727 0.000000
-0.002544 0.000000
-0.002256 0.000000
-0.002119 0.000000
-0.001913 0.000000
-0.001892 0.000000
-0.001456 0.000000
-0.001296 0.000000
-0.001091 0.000000
-0.000928 0.000000
-0.000732 0.000000
-0.000576 0.000000
-0.000375 0.000000
-0.000253 0.000000
-0.000013 0.000000
0.000023 0.000000
0.000296 0.000000
0.000324 0.000000
0.000599 0.000000
0.000695 0.000000
0.000995 0.000000
0.000969 0.000000
0.001229 0.000000
0.001313 0.000000
0.001495 0.000000
0.001574 0.000000
0.001729 0.000000
0.001838 0.000000
0.001828 0.000000
0.002013 0.000000
