0.000000 0.000000
-0.003415 0.000000
0.010152 0.000000
-0.000706 0.000000
-0.008866 0.000000
-0.011049 0.000000
-0.009105 0.000000
-0.005892 0.000000
-0.001892 0.000000
0.001737 0.000000
0.005044 0.000000
0.007738 0.000000
0.009956 0.000000
0.011595 0.000000
0.012832 0.000000
0.013580 0.000000
0.014202 0.000000
0.014404 0.000000
0.014490 0.000000
0.014329 0.000000
0.014067 0.000000
0.013636 0.000000
0.013350 0.000000
0.012692 0.000000
0.012236 0.000000
0.011566 0.000000
0.011160 0.000000
0.010399 0.000000
0.009903 0.000000
0.009208 0.000000
0.008754 0.000000
0.008079 0.000000
0.007658 0.000000
0.007054 0.000000
0.006659 0.000000
0.006003 0.000000
0.005709 0.000000
0.005140 0.000000
0.004860 0.000000
0.004381 0.000000
0.004072 0.000000
0.003630 0.000000
0.003407 0.000000
0.003052 0.000000
0.002853 0.000000
0.002447 0.000000
0.002331 0.000000
0.001983 0.000000
0.001837 0.000000
0.001523 0.000000
0.001480 0.000000
0.001223 0.000000
0.001151 0.000000
0.000911 0.000000
0.000874 0.000000
0.000653 0.000000
0.000674 0.000000
0.000483 0.000000
0.000466 0.000000
0.000255 0.000000
0.000301 0.000000
0.000183 0.000000
0.000135 0.000000
0.000032 0.000000
0.000088 0.000000
-0.000015 0.000000
-0.000020 0.000000
-0.000084 0.000000
-0.000064 0.000000
-0.000186 0.000000
-0.000087 0.000000
-0.000126 0.000000
-0.000070 0.000000
-0.000173 0.000000
-0.000106 0.000000
-0.000428 0.000000
-0.000065 0.000000
-0.000184 0.000000
-0.000068 0.000000
-0.000101 0.000000
-0.000094 0.000000
-0.000105 0.000000
0.000009 0.000000
-0.000069 0.000000
0.000036 0.000000
-0.000066 0.000000
0.000085 0.000000
-0.000035 0.000000
0.000120 0.000000
0.000052 0.000000
0.000240 0.000000
0.000112 0.000000
0.000275 0.000000
0.000191 0.000000
0.000346 0.000000
0.000272 0.000000
0.000403 0.000000
0.000318 0.000000
0.000330 0.000000
0.000358 0.000000
