0.000000 0.000000
-0.005595 0.000000
0.017713 0.000000
0.001933 0.000000
-0.014142 0.000000
-0.022618 0.000000
-0.024843 0.000000
-0.024259 0.000000
-0.021540 0.000000
-0.018437 0.000000
-0.014958 0.000000
-0.011803 0.000000
-0.008745 0.000000
-0.006242 0.000000
-0.003935 0.000000
-0.002171 0.000000
-0.000447 0.000000
0.000752 0.000000
0.001889 0.000000
0.002654 0.000000
0.003354 0.000000
0.003741 0.000000
0.004311 0.000000
0.004376 0.000000
0.004669 0.000000
0.004608 0.000000
0.004857 0.000000
0.004622 0.000000
0.004694 0.000000
0.004446 0.000000
0.004477 0.000000
0.004162 0.000000
0.004160 0.000000
0.003859 0.000000
0.003832 0.000000
0.003421 0.000000
0.003446 0.000000
0.003088 0.000000
0.003077 0.000000
0.002749 0.000000
0.002690 0.000000
0.002359 0.000000
0.002339 0.000000
0.002071 0.000000
0.002057 0.000000
0.001730 0.000000
0.001781 0.000000
0.001474 0.000000
0.001454 0.000000
0.001173 0.000000
0.001266 0.000000
0.001016 0.000000
0.001032 0.000000
0.000800 0.000000
0.000858 0.000000
0.000626 0.000000
0.000733 0.000000
0.000522 0.000000
0.000577 0.000000
0.000340 0.000000
0.000471 0.000000
0.000308 0.000000
0.000322 0.000000
0.000186 0.000000
0.000292 0.000000
0.000141 0.000000
0.000177 0.000000
0.000082 0.000000
0.000152 0.000000
-0.000034 0.000000
0.000103 0.000000
0.000010 0.000000
0.000100 0.000000
-0.000053 0.000000
0.000065 0.000000
-0.000380 0.000000
0.000074 0.000000
-0.000113 0.000000
0.000062 0.000000
-0.000058 0.000000
-0.000005 0.000000
-0.000069 0.000000
0.000090 0.000000
-0.000064 0.000000
0.000074 0.000000
-0.000060 0.000000
0.000098 0.000000
-0.000070 0.000000
0.000112 0.000000
-0.000017 0.000000
0.000184 0.000000
0.000019 0.000000
0.000212 0.000000
0.000051 0.000000
0.000256 0.000000
0.000123 0.000000
0.000288 0.000000
0.000105 0.000000
0.000213 0.000000
0.000155 0.000000
