-0.000000 0.000000
0.061619 -0.000000
0.013451 -0.000000
-0.001017 -0.000000
-0.003265 -0.000000
-0.002288 -0.000000
-0.001744 -0.000000
-0.000538 -0.000000
-0.000394 -0.000000
0.000328 -0.000000
0.000126 -0.000000
0.000577 -0.000000
0.000189 -0.000000
0.000536 -0.000000
0.000096 -0.000000
0.000401 -0.000000
-0.000059 -0.000000
0.000244 -0.000000
-0.000206 -0.000000
0.000104 -0.000000
-0.000321 -0.000000
0.000009 -0.000000
-0.000428 -0.000000
-0.000071 -0.000000
-0.000482 -0.000000
-0.000111 -0.000000
-0.000527 -0.000000
-0.000147 -0.000000
-0.000539 -0.000000
-0.000153 -0.000000
-0.000540 -0.000000
-0.000148 -0.000000
-0.000530 -0.000000
-0.000145 -0.000000
-0.000522 -0.000000
-0.000109 -0.000000
-0.000502 -0.000000
-0.000106 -0.000000
-0.000482 -0.000000
-0.000076 -0.000000
-0.000453 -0.000000
-0.000052 -0.000000
-0.000421 -0.000000
-0.000023 -0.000000
-0.000403 -0.000000
-0.000006 -0.000000
-0.000393 -0.000000
0.000020 -0.000000
-0.000344 -0.000000
0.000045 -0.000000
-0.000340 -0.000000
0.000050 -0.000000
-0.000312 -0.000000
0.000082 -0.000000
-0.000288 -0.000000
0.000087 -0.000000
-0.000293 -0.000000
0.000108 -0.000000
-0.000271 -0.000000
0.000116 -0.000000
-0.000275 -0.000000
0.000121 -0.000000
-0.000244 -0.000000
0.000134 -0.000000
-0.000244 -0.000000
0.000149 -0.000000
-0.000227 -0.000000
0.000147 -0.000000
-0.000222 -0.000000
0.000173 -0.000000
-0.000211 -0.000000
0.000164 -0.000000
-0.000197 -0.000000
0.000171 -0.000000
-0.000202 -0.000000
0.000291 -0.000000
-0.000205 -0.000000
0.000186 -0.000000
-0.000208 -0.000000
0.000199 -0.000000
-0.000188 -0.000000
0.000186 -0.000000
-0.000203 -0.000000
0.000204 -0.000000
-0.000189 -0.000000
0.000184 -0.000000
-0.000195 -0.000000
0.000203 -0.000000
-0.000197 -0.000000
0.000187 -0.000000
-0.000202 -0.000000
0.000191 -0.000000
-0.000206 -0.000000
0.000187 -0.000000
-0.000213 -0.000000
0.000171 -0.000000
-0.000210 -0.000000
0.000192 -0.000000
-0.000216 -0.000000
0.000171 -0.000000
