-0.000000 0.000000
0.021254 -0.000000
-0.035062 -0.000000
-0.036848 -0.000000
-0.025024 -0.000000
-0.014458 -0.000000
-0.007770 -0.000000
-0.002982 -0.000000
-0.000684 -0.000000
0.001013 -0.000000
0.001417 -0.000000
0.001862 -0.000000
0.001497 -0.000000
0.001525 -0.000000
0.000967 -0.000000
0.000888 -0.000000
0.000276 -0.000000
0.000211 -0.000000
-0.000326 -0.000000
-0.000342 -0.000000
-0.000784 -0.000000
-0.000708 -0.000000
-0.001168 -0.000000
-0.000990 -0.000000
-0.001354 -0.000000
-0.001135 -0.000000
-0.001505 -0.000000
-0.001230 -0.000000
-0.001521 -0.000000
-0.001243 -0.000000
-0.001514 -0.000000
-0.001201 -0.000000
-0.001457 -0.000000
-0.001160 -0.000000
-0.001402 -0.000000
-0.001031 -0.000000
-0.001311 -0.000000
-0.000978 -0.000000
-0.001219 -0.000000
-0.000876 -0.000000
-0.001105 -0.000000
-0.000763 -0.000000
-0.000987 -0.000000
-0.000669 -0.000000
-0.000907 -0.000000
-0.000574 -0.000000
-0.000842 -0.000000
-0.000493 -0.000000
-0.000695 -0.000000
-0.000381 -0.000000
-0.000658 -0.000000
-0.000348 -0.000000
-0.000558 -0.000000
-0.000254 -0.000000
-0.000494 -0.000000
-0.000204 -0.000000
-0.000468 -0.000000
-0.000157 -0.000000
-0.000402 -0.000000
-0.000094 -0.000000
-0.000386 -0.000000
-0.000088 -0.000000
-0.000301 -0.000000
-0.000038 -0.000000
-0.000299 -0.000000
-0.000005 -0.000000
-0.000233 -0.000000
0.000007 -0.000000
-0.000231 -0.000000
0.000078 -0.000000
-0.000192 -0.000000
0.000056 -0.000000
-0.000173 -0.000000
0.000088 -0.000000
-0.000174 -0.000000
0.000340 -0.000000
-0.000167 -0.000000
0.000130 -0.000000
-0.000175 -0.000000
0.000141 -0.000000
-0.000122 -0.000000
0.000115 -0.000000
-0.000166 -0.000000
0.000150 -0.000000
-0.000140 -0.000000
0.000114 -0.000000
-0.000148 -0.000000
0.000153 -0.000000
-0.000158 -0.000000
0.000117 -0.000000
-0.000172 -0.000000
0.000116 -0.000000
-0.000194 -0.000000
0.000111 -0.000000
-0.000207 -0.000000
0.000067 -0.000000
-0.000212 -0.000000
0.000114 -0.000000
-0.000199 -0.000000
0.000063 -0.000000
