-0.000000 0.000000
-0.000019 -0.000223
0.000081 -0.000446
-0.000030 -0.000670
-0.000052 -0.000892
-0.000042 -0.001115
0.000005 -0.001338
0.000019 -0.001560
0.000048 -0.001781
0.000041 -0.002003
0.000034 -0.002223
0.000042 -0.002444
0.000020 -0.002663
0.000025 -0.002882
0.000001 -0.003100
-0.000004 -0.003318
0.000001 -0.003534
-0.000018 -0.003750
-0.000018 -0.003965
-0.000013 -0.004179
-0.000028 -0.004391
-0.000014 -0.004603
-0.000001 -0.004814
-0.000018 -0.005023
-0.000018 -0.005231
-0.000005 -0.005438
0.000017 -0.005643
0.000000 -0.005847
0.000010 -0.006050
0.000014 -0.006251
0.000015 -0.006450
0.000019 -0.006648
0.000028 -0.006844
0.000033 -0.007039
0.000045 -0.007232
0.000025 -0.007422
0.000035 -0.007612
0.000027 -0.007799
0.000043 -0.007984
0.000041 -0.008167
0.000041 -0.008349
0.000036 -0.008528
0.000032 -0.008705
0.000031 -0.008880
0.000033 -0.009052
0.000026 -0.009223
0.000042 -0.009391
0.000050 -0.009557
0.000053 -0.009720
0.000047 -0.009881
0.000033 -0.010039
0.000034 -0.010195
0.000038 -0.010349
0.000026 -0.010500
0.000056 -0.010648
0.000054 -0.010793
0.000044 -0.010936
0.000035 -0.011077
0.000015 -0.011214
0.000045 -0.011349
0.000053 -0.011480
0.000051 -0.011609
0.000055 -0.011735
0.000055 -0.011858
0.000029 -0.011979
0.000049 -0.012096
0.000025 -0.012210
0.000025 -0.012321
0.000042 -0.012429
0.000031 -0.012534
0.000061 -0.012636
0.000070 -0.012735
0.000071 -0.012830
0.000040 -0.012922
0.000047 -0.013012
0.000045 -0.013097
0.000053 -0.013180
0.000040 -0.013259
0.000070 -0.013335
0.000042 -0.013408
0.000003 -0.013477
-0.000009 -0.013543
0.000010 -0.013606
0.000041 -0.013665
0.000042 -0.013721
0.000026 -0.013773
0.000020 -0.013822
0.000015 -0.013868
0.000041 -0.013910
0.000001 -0.013948
0.000029 -0.013983
-0.000007 -0.014015
0.000003 -0.014043
0.000031 -0.014068
0.000044 -0.014089
-0.000013 -0.014106
0.000010 -0.014120
0.000010 -0.014131
0.000017 -0.014138
0.000020 -0.014142
