0.000000 0.000000
0.000051 0.000000
-0.000058 0.000000
-0.001586 0.000000
-0.000348 0.000000
0.000737 0.000000
-0.002224 0.000000
-0.001390 0.000000
-0.000966 0.000000
-0.003260 0.000000
0.002679 0.000000
-0.000897 0.000000
-0.003488 0.000000
0.001485 0.000000
-0.001601 0.000000
-0.000820 0.000000
-0.001533 0.000000
0.002754 0.000000
-0.005643 0.000000
0.000779 0.000000
0.002059 0.000000
-0.003169 0.000000
0.002298 0.000000
0.001970 0.000000
-0.006171 0.000000
0.003874 0.000000
0.000828 0.000000
-0.005997 0.000000
-0.000733 0.000000
-0.003522 0.000000
-0.001124 0.000000
0.001117 0.000000
-0.005784 0.000000
0.002595 0.000000
0.003608 0.000000
0.000948 0.000000
-0.010983 0.000000
0.000434 0.000000
0.001106 0.000000
0.000573 0.000000
0.000778 0.000000
0.000084 0.000000
-0.004949 0.000000
-0.002141 0.000000
0.003136 0.000000
-0.008937 0.000000
0.010330 0.000000
-0.006065 0.000000
-0.011586 0.000000
-0.003910 0.000000
0.011951 0.000000
0.003920 0.000000
0.003632 0.000000
-0.002864 0.000000
-0.013442 0.000000
0.000727 0.000000
0.001518 0.000000
-0.005587 0.000000
-0.003582 0.000000
0.001111 0.000000
-0.005996 0.000000
0.005106 0.000000
-0.006700 0.000000
-0.009379 0.000000
-0.007403 0.000000
0.000112 0.000000
-0.001572 0.000000
0.012644 0.000000
0.006645 0.000000
0.006629 0.000000
0.008447 0.000000
-0.003004 0.000000
-0.016128 0.000000
0.002143 0.000000
0.000476 0.000000
0.001079 0.000000
0.005210 0.000000
-0.009643 0.000000
-0.002775 0.000000
0.009898 0.000000
-0.003693 0.000000
-0.025137 0.000000
0.003788 0.000000
-0.011069 0.000000
0.007889 0.000000
0.010567 0.000000
-0.020751 0.000000
-0.005872 0.000000
0.019971 0.000000
-0.012264 0.000000
-0.025267 0.000000
0.037239 0.000000
0.025001 0.000000
-0.000568 0.000000
0.018934 0.000000
-0.017821 0.000000
-0.006813 0.000000
-0.011707 0.000000
-0.045962 0.000000
0.008721 0.000000
