-0.000000 0.000000
-0.006459 -0.000000
0.016167 -0.000000
-0.003811 -0.000000
-0.012724 -0.000000
-0.013336 -0.000000
-0.006490 -0.000000
-0.002150 -0.000000
0.003824 -0.000000
0.005926 -0.000000
0.007491 -0.000000
0.008831 -0.000000
0.007307 -0.000000
0.006889 -0.000000
0.004278 -0.000000
0.002172 -0.000000
0.001130 -0.000000
-0.001847 -0.000000
-0.003384 -0.000000
-0.005123 -0.000000
-0.007608 -0.000000
-0.008585 -0.000000
-0.008248 -0.000000
-0.011042 -0.000000
-0.011987 -0.000000
-0.012352 -0.000000
-0.011235 -0.000000
-0.013151 -0.000000
-0.012519 -0.000000
-0.013170 -0.000000
-0.012704 -0.000000
-0.012697 -0.000000
-0.011531 -0.000000
-0.011020 -0.000000
-0.009648 -0.000000
-0.010852 -0.000000
-0.009529 -0.000000
-0.009113 -0.000000
-0.006991 -0.000000
-0.006957 -0.000000
-0.006127 -0.000000
-0.005476 -0.000000
-0.004375 -0.000000
-0.003737 -0.000000
-0.002504 -0.000000
-0.002316 -0.000000
-0.000028 -0.000000
0.000957 -0.000000
0.002371 -0.000000
0.002767 -0.000000
0.003356 -0.000000
0.004298 -0.000000
0.005488 -0.000000
0.005756 -0.000000
0.008328 -0.000000
0.008451 -0.000000
0.009273 -0.000000
0.009461 -0.000000
0.009499 -0.000000
0.011230 -0.000000
0.012011 -0.000000
0.012933 -0.000000
0.013077 -0.000000
0.012955 -0.000000
0.013597 -0.000000
0.014467 -0.000000
0.013733 -0.000000
0.013663 -0.000000
0.015153 -0.000000
0.014439 -0.000000
0.016041 -0.000000
0.015914 -0.000000
0.017154 -0.000000
0.015198 -0.000000
0.016554 -0.000000
0.015394 -0.000000
0.016325 -0.000000
0.014867 -0.000000
0.016369 -0.000000
0.014127 -0.000000
0.012514 -0.000000
0.010507 -0.000000
0.012076 -0.000000
0.012465 -0.000000
0.012588 -0.000000
0.011583 -0.000000
0.009900 -0.000000
0.009490 -0.000000
0.011159 -0.000000
0.007341 -0.000000
0.009181 -0.000000
0.005288 -0.000000
0.005858 -0.000000
0.006354 -0.000000
0.006766 -0.000000
0.002104 -0.000000
0.003390 -0.000000
0.002781 -0.000000
0.002344 -0.000000
0.001159 -0.000000
