-0.000000 0.000000
-0.002997 0.000000
0.008249 0.000000
-0.000472 0.000000
-0.006537 0.000000
-0.008216 0.000000
-0.006141 0.000000
-0.003743 0.000000
-0.000364 0.000000
0.002191 0.000000
0.004601 0.000000
0.006337 0.000000
0.007563 0.000000
0.008262 0.000000
0.008590 0.000000
0.008404 0.000000
0.008318 0.000000
0.007630 0.000000
0.007059 0.000000
0.006073 0.000000
0.005128 0.000000
0.003991 0.000000
0.003284 0.000000
0.001875 0.000000
0.000851 0.000000
-0.000405 0.000000
-0.001205 0.000000
-0.002591 0.000000
-0.003427 0.000000
-0.004695 0.000000
-0.005451 0.000000
-0.006605 0.000000
-0.007256 0.000000
-0.008237 0.000000
-0.008859 0.000000
-0.009904 0.000000
-0.010372 0.000000
-0.011141 0.000000
-0.011449 0.000000
-0.012324 0.000000
-0.012730 0.000000
-0.013332 0.000000
-0.013511 0.000000
-0.014183 0.000000
-0.014268 0.000000
-0.014858 0.000000
-0.014803 0.000000
-0.015206 0.000000
-0.015197 0.000000
-0.015558 0.000000
-0.015490 0.000000
-0.015606 0.000000
-0.015635 0.000000
-0.015799 0.000000
-0.015498 0.000000
-0.015706 0.000000
-0.015492 0.000000
-0.015537 0.000000
-0.015336 0.000000
-0.015213 0.000000
-0.014983 0.000000
-0.014841 0.000000
-0.014619 0.000000
-0.014606 0.000000
-0.014118 0.000000
-0.014051 0.000000
-0.013686 0.000000
-0.013549 0.000000
-0.012954 0.000000
-0.012961 0.000000
-0.012434 0.000000
-0.012251 0.000000
-0.011559 0.000000
-0.011536 0.000000
-0.010923 0.000000
-0.010751 0.000000
-0.010035 0.000000
-0.009991 0.000000
-0.009256 0.000000
-0.009107 0.000000
-0.008608 0.000000
-0.008553 0.000000
-0.007797 0.000000
-0.007501 0.000000
-0.006933 0.000000
-0.006548 0.000000
-0.006202 0.000000
-0.005709 0.000000
-0.004889 0.000000
-0.004946 0.000000
-0.004083 0.000000
-0.004139 0.000000
-0.003453 0.000000
-0.002969 0.000000
-0.002288 0.000000
-0.002334 0.000000
-0.001491 0.000000
-0.001092 0.000000
-0.000504 0.000000
-0.000369 0.000000
