-0.000137 0.000000
0.000411 -0.000000
-0.000777 -0.000000
0.000297 -0.000000
-0.000801 -0.000000
-0.000706 -0.000000
0.007404 -0.000000
-0.003130 -0.000000
0.002839 -0.000000
-0.002874 -0.000000
-0.005187 -0.000000
-0.002664 -0.000000
-0.000180 -0.000000
0.009648 -0.000000
-0.009790 -0.000000
0.013449 -0.000000
0.003224 -0.000000
0.003529 -0.000000
0.013152 -0.000000
0.022149 -0.000000
-0.007823 -0.000000
-0.009533 -0.000000
-0.043728 -0.000000
-0.018003 -0.000000
0.004096 -0.000000
0.003378 -0.000001
0.020446 -0.000001
0.032627 -0.000001
0.001970 -0.000001
-0.018424 -0.000001
0.047072 -0.000001
-0.009082 -0.000001
-0.004357 -0.000001
-0.051795 -0.000001
-0.010551 -0.000001
-0.030516 -0.000001
0.013965 -0.000001
0.011496 -0.000001
0.050481 -0.000001
-0.009548 -0.000001
0.003996 -0.000001
-0.003283 -0.000001
0.071241 -0.000001
0.020801 -0.000001
0.005762 -0.000001
-0.008540 -0.000001
0.009289 -0.000001
0.003353 -0.000001
-0.000339 -0.000001
-0.013374 -0.000001
0.013374 -0.000001
0.000339 -0.000001
-0.003353 -0.000001
-0.009289 -0.000001
0.008540 -0.000001
-0.005762 -0.000001
-0.020801 -0.000001
-0.071241 -0.000001
0.003283 -0.000001
-0.003996 -0.000001
0.009548 -0.000001
-0.050481 -0.000001
-0.011496 -0.000001
-0.013965 -0.000001
0.030516 -0.000001
0.010551 -0.000001
0.051795 -0.000001
0.004357 -0.000001
0.009082 -0.000001
-0.047072 -0.000001
0.018424 -0.000001
-0.001970 -0.000001
-0.032627 -0.000001
-0.020446 -0.000001
-0.003378 -0.000001
-0.004096 -0.000000
0.018003 -0.000000
0.043728 -0.000000
0.009533 -0.000000
0.007823 -0.000000
-0.022149 -0.000000
-0.013152 -0.000000
-0.003529 -0.000000
-0.003224 -0.000000
-0.013449 -0.000000
0.009790 -0.000000
-0.009648 -0.000000
0.000180 -0.000000
0.002664 -0.000000
0.005187 -0.000000
0.002874 -0.000000
-0.002839 -0.000000
0.003130 -0.000000
-0.007404 -0.000000
0.000706 -0.000000
0.000801 -0.000000
-0.000297 -0.000000
0.000777 -0.000000
-0.000411 -0.000000
0.000137 -0.000000
