-0.000000 0.000000
-0.004574 0.000000
0.013496 0.000000
-0.000104 0.000000
-0.010183 0.000000
-0.013350 0.000000
-0.010473 0.000000
-0.006719 0.000000
-0.001208 0.000000
0.003268 0.000000
0.007679 0.000000
0.011084 0.000000
0.013854 0.000000
0.015748 0.000000
0.017150 0.000000
0.017699 0.000000
0.018370 0.000000
0.018092 0.000000
0.017944 0.000000
0.017106 0.000000
0.016325 0.000000
0.015147 0.000000
0.014568 0.000000
0.012942 0.000000
0.011839 0.000000
0.010303 0.000000
0.009418 0.000000
0.007646 0.000000
0.006649 0.000000
0.004975 0.000000
0.004035 0.000000
0.002461 0.000000
0.001612 0.000000
0.000230 0.000000
-0.000618 0.000000
-0.002102 0.000000
-0.002749 0.000000
-0.003905 0.000000
-0.004381 0.000000
-0.005711 0.000000
-0.006321 0.000000
-0.007299 0.000000
-0.007623 0.000000
-0.008721 0.000000
-0.008914 0.000000
-0.009921 0.000000
-0.009944 0.000000
-0.010696 0.000000
-0.010803 0.000000
-0.011498 0.000000
-0.011520 0.000000
-0.011872 0.000000
-0.012081 0.000000
-0.012518 0.000000
-0.012251 0.000000
-0.012749 0.000000
-0.012616 0.000000
-0.012885 0.000000
-0.012766 0.000000
-0.012805 0.000000
-0.012659 0.000000
-0.012700 0.000000
-0.012539 0.000000
-0.012750 0.000000
-0.012260 0.000000
-0.012416 0.000000
-0.012050 0.000000
-0.012077 0.000000
-0.011436 0.000000
-0.011689 0.000000
-0.011151 0.000000
-0.011126 0.000000
-0.010337 0.000000
-0.010539 0.000000
-0.009894 0.000000
-0.009870 0.000000
-0.009049 0.000000
-0.009236 0.000000
-0.008388 0.000000
-0.008395 0.000000
-0.007875 0.000000
-0.008022 0.000000
-0.007171 0.000000
-0.007022 0.000000
-0.006407 0.000000
-0.006114 0.000000
-0.005785 0.000000
-0.005333 0.000000
-0.004400 0.000000
-0.004695 0.000000
-0.003707 0.000000
-0.003977 0.000000
-0.003231 0.000000
-0.002797 0.000000
-0.002037 0.000000
-0.002301 0.000000
-0.001333 0.000000
-0.001025 0.000000
-0.000386 0.000000
-0.000446 0.000000
