-0.000000 0.000000
-0.007399 0.000000
0.026669 0.000000
0.007929 0.000000
-0.014136 0.000000
-0.028587 0.000000
-0.034284 0.000000
-0.036828 0.000000
-0.035141 0.000000
-0.033069 0.000000
-0.029377 0.000000
-0.026179 0.000000
-0.022308 0.000000
-0.019359 0.000000
-0.015998 0.000000
-0.013668 0.000000
-0.010733 0.000000
-0.008969 0.000000
-0.006726 0.000000
-0.005510 0.000000
-0.003858 0.000000
-0.003091 0.000000
-0.001525 0.000000
-0.001192 0.000000
-0.000179 0.000000
-0.000075 0.000000
0.000898 0.000000
0.000673 0.000000
0.001381 0.000000
0.001053 0.000000
0.001640 0.000000
0.001229 0.000000
0.001715 0.000000
0.001292 0.000000
0.001663 0.000000
0.001087 0.000000
0.001520 0.000000
0.001016 0.000000
0.001403 0.000000
0.000663 0.000000
0.000972 0.000000
0.000388 0.000000
0.000746 0.000000
0.000016 0.000000
0.000449 0.000000
-0.000349 0.000000
0.000147 0.000000
-0.000496 0.000000
-0.000138 0.000000
-0.000747 0.000000
-0.000377 0.000000
-0.000763 0.000000
-0.000694 0.000000
-0.001208 0.000000
-0.000732 0.000000
-0.001319 0.000000
-0.001010 0.000000
-0.001422 0.000000
-0.001154 0.000000
-0.001437 0.000000
-0.001201 0.000000
-0.001569 0.000000
-0.001267 0.000000
-0.001796 0.000000
-0.001295 0.000000
-0.001874 0.000000
-0.001382 0.000000
-0.001713 0.000000
-0.001212 0.000000
-0.001811 0.000000
-0.001421 0.000000
-0.001834 0.000000
-0.001121 0.000000
-0.001680 0.000000
-0.001226 0.000000
-0.001612 0.000000
-0.000985 0.000000
-0.001569 0.000000
-0.000951 0.000000
-0.001384 0.000000
-0.000900 0.000000
-0.001462 0.000000
-0.000842 0.000000
-0.001337 0.000000
-0.000776 0.000000
-0.001085 0.000000
-0.000757 0.000000
-0.000899 0.000000
-0.000268 0.000000
-0.000922 0.000000
-0.000278 0.000000
-0.000868 0.000000
-0.000399 0.000000
-0.000573 0.000000
-0.000026 0.000000
-0.000611 0.000000
0.000010 0.000000
-0.000254 0.000000
0.000202 0.000000
-0.000379 0.000000
