0.000000 0.000000
0.096815 -0.000000
0.024195 -0.000000
0.001548 -0.000000
-0.004347 -0.000000
-0.002801 -0.000000
-0.003259 -0.000000
-0.000561 -0.000000
-0.001187 -0.000000
0.000940 -0.000000
-0.000105 -0.000000
0.001614 -0.000000
0.000256 -0.000000
0.001778 -0.000000
0.000307 -0.000000
0.001711 -0.000000
0.000150 -0.000000
0.001510 -0.000000
-0.000044 -0.000000
0.001325 -0.000000
-0.000220 -0.000000
0.001142 -0.000000
-0.000425 -0.000000
0.000970 -0.000000
-0.000558 -0.000000
0.000860 -0.000000
-0.000688 -0.000000
0.000749 -0.000000
-0.000766 -0.000000
0.000687 -0.000000
-0.000826 -0.000000
0.000628 -0.000000
-0.000853 -0.000000
0.000578 -0.000000
-0.000892 -0.000000
0.000570 -0.000000
-0.000923 -0.000000
0.000549 -0.000000
-0.000920 -0.000000
0.000575 -0.000000
-0.000916 -0.000000
0.000562 -0.000000
-0.000925 -0.000000
0.000594 -0.000000
-0.000895 -0.000000
0.000619 -0.000000
-0.000877 -0.000000
0.000630 -0.000000
-0.000859 -0.000000
0.000616 -0.000000
-0.000837 -0.000000
0.000582 -0.000000
-0.000786 -0.000000
0.000666 -0.000000
-0.000829 -0.000000
0.000662 -0.000000
-0.000785 -0.000000
0.000660 -0.000000
-0.000763 -0.000000
0.000670 -0.000000
-0.000758 -0.000000
0.000682 -0.000000
-0.000753 -0.000000
0.000738 -0.000000
-0.000767 -0.000000
0.000766 -0.000000
-0.000726 -0.000000
0.000686 -0.000000
-0.000758 -0.000000
0.000734 -0.000000
-0.000710 -0.000000
0.000772 -0.000000
-0.000757 -0.000000
0.000720 -0.000000
-0.000731 -0.000000
0.000743 -0.000000
-0.000747 -0.000000
0.000752 -0.000000
-0.000713 -0.000000
0.000744 -0.000000
-0.000739 -0.000000
0.000760 -0.000000
-0.000734 -0.000000
0.000762 -0.000000
-0.000751 -0.000000
0.000725 -0.000000
-0.000692 -0.000000
0.000712 -0.000000
-0.000789 -0.000000
0.000741 -0.000000
-0.000762 -0.000000
0.000743 -0.000000
-0.000725 -0.000000
0.000737 -0.000000
-0.000749 -0.000000
0.000750 -0.000000
-0.000721 -0.000000
0.000685 -0.000000
-0.000741 -0.000000
0.000782 -0.000000
