0.000000 0.000000
0.028298 -0.000000
-0.054357 -0.000000
-0.058210 -0.000000
-0.042010 -0.000000
-0.025158 -0.000000
-0.014792 -0.000000
-0.005717 -0.000000
-0.001764 -0.000000
0.002354 -0.000000
0.003217 -0.000000
0.005055 -0.000000
0.004433 -0.000000
0.005351 -0.000000
0.004201 -0.000000
0.004736 -0.000000
0.003276 -0.000000
0.003693 -0.000000
0.002292 -0.000000
0.002750 -0.000000
0.001444 -0.000000
0.001963 -0.000000
0.000577 -0.000000
0.001213 -0.000000
0.000028 -0.000000
0.000745 -0.000000
-0.000494 -0.000000
0.000347 -0.000000
-0.000766 -0.000000
0.000119 -0.000000
-0.000965 -0.000000
-0.000061 -0.000000
-0.001069 -0.000000
-0.000194 -0.000000
-0.001154 -0.000000
-0.000198 -0.000000
-0.001197 -0.000000
-0.000255 -0.000000
-0.001212 -0.000000
-0.000133 -0.000000
-0.001102 -0.000000
-0.000113 -0.000000
-0.001074 -0.000000
0.000022 -0.000000
-0.000976 -0.000000
0.000161 -0.000000
-0.000875 -0.000000
0.000184 -0.000000
-0.000782 -0.000000
0.000221 -0.000000
-0.000705 -0.000000
0.000158 -0.000000
-0.000535 -0.000000
0.000417 -0.000000
-0.000587 -0.000000
0.000431 -0.000000
-0.000453 -0.000000
0.000446 -0.000000
-0.000381 -0.000000
0.000459 -0.000000
-0.000364 -0.000000
0.000532 -0.000000
-0.000325 -0.000000
0.000695 -0.000000
-0.000343 -0.000000
0.000775 -0.000000
-0.000247 -0.000000
0.000581 -0.000000
-0.000355 -0.000000
0.000703 -0.000000
-0.000183 -0.000000
0.000793 -0.000000
-0.000345 -0.000000
0.000658 -0.000000
-0.000251 -0.000000
0.000682 -0.000000
-0.000338 -0.000000
0.000696 -0.000000
-0.000291 -0.000000
0.000676 -0.000000
-0.000351 -0.000000
0.000719 -0.000000
-0.000337 -0.000000
0.000730 -0.000000
-0.000347 -0.000000
0.000596 -0.000000
-0.000254 -0.000000
0.000523 -0.000000
-0.000532 -0.000000
0.000587 -0.000000
-0.000460 -0.000000
0.000602 -0.000000
-0.000328 -0.000000
0.000524 -0.000000
-0.000480 -0.000000
0.000568 -0.000000
-0.000438 -0.000000
0.000392 -0.000000
-0.000512 -0.000000
0.000589 -0.000000
