0.000127 0.000000
-0.001023 -0.000000
-0.000463 -0.000000
0.000337 -0.000000
-0.000153 -0.000000
-0.001104 -0.000000
0.000920 -0.000000
0.000045 -0.000000
0.000746 -0.000000
0.002040 -0.000000
-0.000929 -0.000000
0.002841 -0.000000
0.000471 -0.000000
-0.006246 -0.000000
0.004984 -0.000000
-0.001440 -0.000000
0.007513 -0.000000
-0.007482 -0.000000
0.003895 -0.000000
0.002353 -0.000000
-0.000079 -0.000000
-0.008753 -0.000000
0.000050 -0.000000
-0.000279 -0.000000
0.000457 -0.000000
0.000094 -0.000000
-0.013585 -0.000000
0.008017 -0.000000
0.009686 -0.000000
-0.003636 -0.000000
0.009523 -0.000000
0.004290 -0.000000
-0.013639 -0.000000
0.003136 -0.000000
0.011344 -0.000000
-0.001485 -0.000000
0.009298 -0.000000
-0.031414 -0.000000
0.004245 -0.000000
0.034634 -0.000000
-0.051494 -0.000000
0.027946 -0.000000
0.007473 -0.000000
-0.011527 -0.000000
-0.049229 -0.000000
-0.029322 -0.000000
0.023627 -0.000000
-0.071478 -0.000000
0.022399 -0.000000
0.057913 -0.000000
-0.057913 -0.000000
-0.022399 -0.000000
0.071478 -0.000000
-0.023627 -0.000000
0.029322 -0.000000
0.049229 -0.000000
0.011527 -0.000000
-0.007473 -0.000000
-0.027946 -0.000000
0.051494 -0.000000
-0.034634 -0.000000
-0.004245 -0.000000
0.031414 -0.000000
-0.009298 -0.000000
0.001485 -0.000000
-0.011344 -0.000000
-0.003136 -0.000000
0.013639 -0.000000
-0.004290 -0.000000
-0.009523 -0.000000
0.003636 -0.000000
-0.009686 -0.000000
-0.008017 -0.000000
0.013585 -0.000000
-0.000094 -0.000000
-0.000457 -0.000000
0.000279 -0.000000
-0.000050 -0.000000
0.008753 -0.000000
0.000079 -0.000000
-0.002353 -0.000000
-0.003895 -0.000000
0.007482 -0.000000
-0.007513 -0.000000
0.001440 -0.000000
-0.004984 -0.000000
0.006246 -0.000000
-0.000471 -0.000000
-0.002841 -0.000000
0.000929 -0.000000
-0.002040 -0.000000
-0.000746 -0.000000
-0.000045 -0.000000
-0.000920 -0.000000
0.001104 -0.000000
0.000153 -0.000000
-0.000337 -0.000000
0.000463 -0.000000
0.001023 -0.000000
-0.000127 -0.000000
