0.000288 0.000000
-0.001624 -0.000000
0.000315 -0.000000
-0.000096 -0.000000
0.001067 -0.000000
-0.001148 -0.000000
0.001460 -0.000000
-0.001390 -0.000000
0.001254 -0.000000
0.001142 -0.000000
0.001138 -0.000000
0.006529 -0.000000
0.003440 -0.000000
-0.004520 -0.000000
-0.000897 -0.000000
-0.004145 -0.000000
0.008401 -0.000000
-0.009251 -0.000000
-0.000022 -0.000000
0.005433 -0.000000
0.003293 -0.000000
-0.010631 -0.000000
-0.002706 -0.000000
0.003352 -0.000000
-0.003366 -0.000000
-0.002925 -0.000000
-0.013604 -0.000000
0.015434 -0.000000
0.003859 -0.000000
0.010071 -0.000000
-0.001372 -0.000000
0.005672 -0.000000
-0.015846 -0.000000
0.000780 -0.000000
0.012345 -0.000000
0.007326 -0.000000
-0.006121 -0.000000
-0.009278 -0.000000
-0.010727 -0.000000
0.036413 -0.000000
-0.047945 -0.000000
0.028137 -0.000000
-0.000305 -0.000000
0.014060 -0.000001
-0.080265 -0.000001
-0.044997 -0.000001
0.065249 -0.000001
-0.025366 -0.000001
-0.013393 -0.000001
0.007957 -0.000001
-0.007957 -0.000001
0.013393 -0.000001
0.025366 -0.000001
-0.065249 -0.000001
0.044997 -0.000001
0.080265 -0.000001
-0.014060 -0.000001
0.000305 -0.000000
-0.028137 -0.000000
0.047945 -0.000000
-0.036413 -0.000000
0.010727 -0.000000
0.009278 -0.000000
0.006121 -0.000000
-0.007326 -0.000000
-0.012345 -0.000000
-0.000780 -0.000000
0.015846 -0.000000
-0.005672 -0.000000
0.001372 -0.000000
-0.010071 -0.000000
-0.003859 -0.000000
-0.015434 -0.000000
0.013604 -0.000000
0.002925 -0.000000
0.003366 -0.000000
-0.003352 -0.000000
0.002706 -0.000000
0.010631 -0.000000
-0.003293 -0.000000
-0.005433 -0.000000
0.000022 -0.000000
0.009251 -0.000000
-0.008401 -0.000000
0.004145 -0.000000
0.000897 -0.000000
0.004520 -0.000000
-0.003440 -0.000000
-0.006529 -0.000000
-0.001138 -0.000000
-0.001142 -0.000000
-0.001254 -0.000000
0.001390 -0.000000
-0.001460 -0.000000
0.001148 -0.000000
-0.001067 -0.000000
0.000096 -0.000000
-0.000315 -0.000000
0.001624 -0.000000
-0.000288 -0.000000
