-0.000000 0.000000
0.000124 -0.000223
-0.000274 -0.000446
-0.000065 -0.000670
0.000126 -0.000892
0.000200 -0.001115
0.000157 -0.001338
0.000134 -0.001560
0.000062 -0.001781
0.000008 -0.002003
-0.000039 -0.002223
-0.000075 -0.002443
-0.000102 -0.002663
-0.000109 -0.002882
-0.000107 -0.003100
-0.000096 -0.003318
-0.000086 -0.003534
-0.000095 -0.003750
-0.000090 -0.003965
-0.000080 -0.004179
-0.000042 -0.004391
-0.000011 -0.004603
0.000010 -0.004813
-0.000003 -0.005023
0.000022 -0.005231
0.000038 -0.005438
0.000041 -0.005643
0.000078 -0.005847
0.000087 -0.006050
0.000107 -0.006251
0.000076 -0.006450
0.000130 -0.006648
0.000115 -0.006844
0.000136 -0.007039
0.000091 -0.007231
0.000134 -0.007422
0.000125 -0.007611
0.000136 -0.007799
0.000098 -0.007984
0.000100 -0.008167
0.000108 -0.008348
0.000122 -0.008528
0.000069 -0.008705
0.000086 -0.008879
0.000073 -0.009052
0.000081 -0.009222
0.000045 -0.009391
0.000081 -0.009556
0.000078 -0.009720
0.000094 -0.009881
0.000077 -0.010039
0.000085 -0.010195
0.000028 -0.010349
0.000087 -0.010499
0.000049 -0.010648
0.000086 -0.010793
0.000075 -0.010936
0.000039 -0.011076
0.000045 -0.011214
-0.000014 -0.011348
0.000027 -0.011480
0.000007 -0.011609
-0.000014 -0.011735
0.000020 -0.011858
-0.000003 -0.011978
-0.000000 -0.012096
0.000002 -0.012210
-0.000021 -0.012321
-0.000038 -0.012429
0.000008 -0.012534
-0.000045 -0.012636
0.000019 -0.012734
-0.000003 -0.012830
-0.000004 -0.012922
0.000014 -0.013011
0.000000 -0.013097
0.000000 -0.013180
0.000022 -0.013259
0.000020 -0.013335
0.000021 -0.013408
0.000001 -0.013477
-0.000022 -0.013543
-0.000048 -0.013605
0.000000 -0.013665
-0.000062 -0.013720
-0.000030 -0.013773
0.000014 -0.013822
-0.000037 -0.013867
-0.000059 -0.013909
0.000023 -0.013948
0.000040 -0.013983
-0.000008 -0.014015
0.000030 -0.014043
-0.000001 -0.014067
-0.000015 -0.014088
-0.000004 -0.014106
0.000019 -0.014120
0.000033 -0.014131
0.000047 -0.014138
0.000038 -0.014141
