0.000000 0.000000
0.000060 -0.000000
-0.000934 -0.000000
-0.000866 -0.000000
-0.000345 -0.000000
0.000417 -0.000000
-0.000690 -0.000000
0.000021 -0.000000
-0.000916 -0.000000
-0.001204 -0.000000
0.000329 -0.000000
-0.001700 -0.000000
-0.001029 -0.000000
-0.002513 -0.000000
0.000789 -0.000000
0.000359 -0.000000
-0.001641 -0.000000
0.001876 -0.000000
-0.001557 -0.000000
-0.000715 -0.000000
-0.000088 -0.000000
0.000241 -0.000000
-0.001186 -0.000000
-0.000530 -0.000000
-0.004919 -0.000000
-0.002545 -0.000000
-0.000876 -0.000000
-0.000218 -0.000000
-0.000369 -0.000000
0.000697 -0.000000
0.004554 -0.000000
-0.002794 -0.000000
-0.003294 -0.000000
-0.001757 -0.000000
0.000644 -0.000000
0.002168 -0.000000
-0.007940 -0.000000
0.002417 -0.000000
-0.005495 -0.000000
0.001483 -0.000001
0.001832 -0.000001
-0.001498 -0.000001
0.000031 -0.000001
0.004961 -0.000001
-0.001237 -0.000001
0.002876 -0.000001
0.006810 -0.000001
-0.001986 -0.000001
-0.002529 -0.000001
-0.002570 -0.000001
0.002621 -0.000001
0.005634 -0.000001
-0.003208 -0.000001
-0.002666 -0.000001
0.000552 -0.000001
-0.000810 -0.000001
-0.000073 -0.000001
-0.007036 -0.000001
-0.002228 -0.000001
0.006693 -0.000001
-0.002321 -0.000001
-0.005577 -0.000001
-0.002943 -0.000001
-0.000447 -0.000001
-0.006554 -0.000001
-0.007205 -0.000001
0.000017 -0.000001
0.007832 -0.000001
-0.000374 -0.000001
-0.005471 -0.000001
-0.000120 -0.000001
-0.004565 -0.000001
-0.022812 -0.000001
-0.000614 -0.000001
0.006920 -0.000001
-0.009856 -0.000001
-0.011721 -0.000001
0.005315 -0.000001
0.000982 -0.000001
0.004186 -0.000001
-0.005208 -0.000001
0.006711 -0.000001
0.000375 -0.000001
-0.007768 -0.000001
-0.005661 -0.000001
0.014678 -0.000001
0.003653 -0.000001
0.009526 -0.000001
0.040608 -0.000001
0.021914 -0.000001
0.002688 -0.000001
0.034897 -0.000001
0.023132 -0.000001
0.009531 -0.000001
0.004568 -0.000001
-0.019322 -0.000001
-0.038038 -0.000001
-0.028030 -0.000001
-0.028579 -0.000001
-0.022229 -0.000001
