-0.000000 0.000000
-0.000487 0.000000
0.001043 0.000000
0.001414 0.000000
0.000173 0.000000
-0.002282 0.000000
0.000714 0.000000
-0.001815 0.000000
0.001452 0.000000
0.000221 0.000000
-0.001845 0.000000
0.000017 0.000000
0.002185 0.000000
0.002161 0.000000
-0.000458 0.000000
0.000358 0.000000
0.002441 0.000000
-0.000941 0.000000
0.001593 0.000000
0.001857 0.000000
-0.001739 0.000000
0.000104 0.000000
-0.001744 0.000000
0.001796 0.000000
0.005956 0.000000
-0.000810 0.000000
0.000834 0.000000
0.000408 0.000000
0.000948 0.000000
-0.003210 0.000000
-0.004739 0.000000
0.003443 0.000001
0.001844 0.000001
0.004474 0.000001
-0.001161 0.000001
-0.003471 0.000001
0.003319 0.000001
0.001421 0.000001
0.000497 0.000001
0.006429 0.000001
-0.000444 0.000001
-0.004833 0.000001
-0.002521 0.000001
-0.001494 0.000001
0.005367 0.000001
0.000710 0.000001
-0.002037 0.000001
0.006374 0.000001
0.005660 0.000001
-0.011243 0.000001
-0.007062 0.000001
-0.004638 0.000001
0.003689 0.000001
-0.002871 0.000001
-0.002373 0.000001
-0.000729 0.000001
0.003246 0.000001
0.002229 0.000001
-0.003887 0.000001
-0.002115 0.000001
0.002967 0.000001
0.003513 0.000001
0.002231 0.000001
-0.004689 0.000001
0.007257 0.000001
0.006210 0.000001
-0.003602 0.000001
-0.002236 0.000001
0.002470 0.000001
-0.007610 0.000001
0.004177 0.000001
0.004642 0.000001
0.013524 0.000001
0.003125 0.000001
-0.005019 0.000001
0.005309 0.000001
0.000107 0.000001
-0.002953 0.000001
0.000684 0.000001
-0.004987 0.000001
-0.010938 0.000001
-0.005812 0.000001
-0.016659 0.000001
-0.014050 0.000001
0.004205 0.000001
-0.015650 0.000001
-0.006838 0.000001
-0.001745 0.000001
-0.017967 0.000001
-0.002655 0.000001
0.020341 0.000001
0.011907 0.000001
0.023767 0.000001
0.039660 0.000001
0.036195 0.000001
0.036230 0.000001
0.040955 0.000001
0.013768 0.000001
0.010917 0.000001
0.015056 0.000001
