-0.000479 0.000000
0.000971 0.000000
-0.001392 0.000000
-0.001809 0.000000
-0.001056 0.000000
-0.001300 0.000000
0.001243 0.000000
0.000628 0.000000
0.000084 0.000000
0.003900 0.000000
0.001269 0.000000
0.000632 0.000000
-0.002442 0.000000
-0.000948 0.000000
0.003217 0.000000
-0.002045 0.000000
-0.004422 0.000000
-0.001421 0.000000
-0.005484 0.000000
-0.004569 0.000000
0.000105 0.000000
0.011792 0.000000
0.023863 0.000000
-0.009944 0.000000
-0.003836 0.000000
-0.025782 0.000000
0.015808 0.000000
0.002985 0.000000
-0.011385 0.000000
-0.022950 0.000000
-0.024314 0.000000
-0.003244 0.000000
-0.014444 0.000000
0.002977 0.000000
0.038929 0.000000
0.020492 0.000000
0.005325 0.000000
0.048609 0.000000
-0.039425 0.000000
-0.006301 0.000001
0.036693 0.000001
0.020930 0.000001
-0.002348 0.000001
0.052381 0.000001
-0.052860 0.000001
0.035759 0.000001
0.022768 0.000001
0.021288 0.000001
-0.002266 0.000001
-0.033374 0.000001
0.033374 0.000001
0.002266 0.000001
-0.021288 0.000001
-0.022768 0.000001
-0.035759 0.000001
0.052860 0.000001
-0.052381 0.000001
0.002348 0.000001
-0.020930 0.000001
-0.036693 0.000001
0.006301 0.000001
0.039425 0.000000
-0.048609 0.000000
-0.005325 0.000000
-0.020492 0.000000
-0.038929 0.000000
-0.002977 0.000000
0.014444 0.000000
0.003244 0.000000
0.024314 0.000000
0.022950 0.000000
0.011385 0.000000
-0.002985 0.000000
-0.015808 0.000000
0.025782 0.000000
0.003836 0.000000
0.009944 0.000000
-0.023863 0.000000
-0.011792 0.000000
-0.000105 0.000000
0.004569 0.000000
0.005484 0.000000
0.001421 0.000000
0.004422 0.000000
0.002045 0.000000
-0.003217 0.000000
0.000948 0.000000
0.002442 0.000000
-0.000632 0.000000
-0.001269 0.000000
-0.003900 0.000000
-0.000084 0.000000
-0.000628 0.000000
-0.001243 0.000000
0.001300 0.000000
0.001056 0.000000
0.001809 0.000000
0.001392 0.000000
-0.000971 0.000000
0.000479 0.000000
