0.000119 0.000000
-0.000327 0.000000
-0.000265 0.000000
-0.000261 0.000000
-0.000622 0.000000
0.000342 0.000000
-0.002575 0.000000
0.000549 0.000000
-0.001432 0.000000
0.001424 0.000000
-0.002100 0.000000
-0.000588 0.000000
0.000855 0.000000
0.003251 0.000000
0.008801 0.000000
-0.004979 0.000000
-0.008232 0.000000
0.012877 0.000000
-0.014244 0.000000
0.006531 0.000000
0.004724 0.000000
-0.005995 0.000000
0.002100 0.000000
0.004248 0.000000
0.015952 0.000000
-0.001441 0.000000
0.005842 0.000000
-0.010042 0.000000
-0.013380 0.000000
0.009605 0.000000
-0.012621 0.000000
-0.018246 0.000000
0.011962 0.000000
0.018235 0.000000
-0.020005 0.000000
0.002192 0.000000
-0.011521 0.000000
0.009822 0.000000
-0.032531 0.000000
0.003839 0.000000
0.053557 0.000000
0.023243 0.000000
-0.022174 0.000000
-0.009202 0.000000
0.004316 0.000000
0.005865 0.000000
0.013366 0.000000
-0.008941 0.000000
0.023843 0.000000
-0.019396 0.000000
0.019396 0.000000
-0.023843 0.000000
0.008941 0.000000
-0.013366 0.000000
-0.005865 0.000000
-0.004316 0.000000
0.009202 0.000000
0.022174 0.000000
-0.023243 0.000000
-0.053557 0.000000
-0.003839 0.000000
0.032531 0.000000
-0.009822 0.000000
0.011521 0.000000
-0.002192 0.000000
0.020005 0.000000
-0.018235 0.000000
-0.011962 0.000000
0.018246 0.000000
0.012621 0.000000
-0.009605 0.000000
0.013380 0.000000
0.010042 0.000000
-0.005842 0.000000
0.001441 0.000000
-0.015952 0.000000
-0.004248 0.000000
-0.002100 0.000000
0.005995 0.000000
-0.004724 0.000000
-0.006531 0.000000
0.014244 0.000000
-0.012877 0.000000
0.008232 0.000000
0.004979 0.000000
-0.008801 0.000000
-0.003251 0.000000
-0.000855 0.000000
0.000588 0.000000
0.002100 0.000000
-0.001424 0.000000
0.001432 0.000000
-0.000549 0.000000
0.002575 0.000000
-0.000342 0.000000
0.000622 0.000000
0.000261 0.000000
0.000265 0.000000
0.000327 0.000000
-0.000119 0.000000
