-0.000000 0.000000
-0.005240 0.000000
0.013901 0.000000
0.005954 0.000000
-0.003197 0.000000
-0.008152 0.000000
-0.008066 0.000000
-0.007750 0.000000
-0.004822 0.000000
-0.002388 0.000000
0.000401 0.000000
0.002758 0.000000
0.005152 0.000000
0.006442 0.000000
0.007688 0.000000
0.008519 0.000000
0.009315 0.000000
0.009873 0.000000
0.010211 0.000000
0.010151 0.000000
0.009412 0.000000
0.008618 0.000000
0.008077 0.000000
0.007838 0.000000
0.007085 0.000001
0.006100 0.000001
0.005509 0.000001
0.004139 0.000001
0.003314 0.000001
0.002099 0.000001
0.001835 0.000001
-0.000098 0.000001
-0.000566 0.000001
-0.002048 0.000001
-0.002032 0.000001
-0.003584 0.000001
-0.003845 0.000001
-0.005438 0.000001
-0.005394 0.000001
-0.006360 0.000001
-0.007315 0.000001
-0.008579 0.000001
-0.008288 0.000001
-0.009706 0.000001
-0.009693 0.000001
-0.010772 0.000001
-0.010741 0.000001
-0.012300 0.000001
-0.012255 0.000001
-0.013464 0.000001
-0.013263 0.000001
-0.014269 0.000001
-0.013201 0.000001
-0.015040 0.000001
-0.014334 0.000001
-0.015720 0.000001
-0.015374 0.000001
-0.015390 0.000001
-0.015266 0.000001
-0.014465 0.000001
-0.015476 0.000001
-0.015304 0.000001
-0.015101 0.000001
-0.015833 0.000001
-0.015261 0.000001
-0.015240 0.000001
-0.015286 0.000001
-0.014949 0.000001
-0.014139 0.000001
-0.015247 0.000001
-0.013844 0.000001
-0.014863 0.000001
-0.013764 0.000001
-0.013803 0.000001
-0.013838 0.000001
-0.013082 0.000001
-0.012769 0.000001
-0.013229 0.000001
-0.011888 0.000001
-0.011847 0.000001
-0.011313 0.000001
-0.010783 0.000001
-0.009883 0.000001
-0.009840 0.000001
-0.008216 0.000001
-0.008845 0.000001
-0.008809 0.000001
-0.007272 0.000001
-0.006357 0.000001
-0.007219 0.000001
-0.006796 0.000001
-0.005729 0.000001
-0.005362 0.000001
-0.004291 0.000001
-0.003099 0.000001
-0.002512 0.000001
-0.002244 0.000001
-0.002176 0.000001
-0.001351 0.000001
-0.000931 0.000001
