-0.000189 0.000000
0.000192 0.000000
-0.000352 0.000000
-0.001996 0.000000
0.000033 0.000000
0.001063 0.000000
-0.002861 0.000000
0.000910 0.000000
-0.001601 0.000000
0.004701 0.000000
0.001012 0.000000
-0.004075 0.000000
0.002253 0.000000
0.005480 0.000000
0.010306 0.000000
-0.007415 0.000000
-0.013388 0.000000
0.023456 0.000000
-0.029334 0.000000
0.010867 0.000000
0.014339 0.000000
-0.001939 0.000000
0.004689 0.000000
0.012219 0.000000
0.025798 0.000000
-0.014828 0.000001
-0.000601 0.000001
-0.015374 0.000001
-0.037031 0.000001
0.006895 0.000001
0.010795 0.000001
-0.030867 0.000001
0.032452 0.000001
0.020788 0.000001
-0.047995 0.000001
-0.016863 0.000001
-0.019146 0.000001
0.013042 0.000001
-0.031181 0.000001
0.018665 0.000001
0.072889 0.000001
0.037620 0.000001
-0.008805 0.000001
0.018685 0.000001
0.009805 0.000001
0.007090 0.000001
0.022890 0.000001
0.000116 0.000001
0.005571 0.000001
-0.009793 0.000001
0.009793 0.000001
-0.005571 0.000001
-0.000116 0.000001
-0.022890 0.000001
-0.007090 0.000001
-0.009805 0.000001
-0.018685 0.000001
0.008805 0.000001
-0.037620 0.000001
-0.072889 0.000001
-0.018665 0.000001
0.031181 0.000001
-0.013042 0.000001
0.019146 0.000001
0.016863 0.000001
0.047995 0.000001
-0.020788 0.000001
-0.032452 0.000001
0.030867 0.000001
-0.010795 0.000001
-0.006895 0.000001
0.037031 0.000001
0.015374 0.000001
0.000601 0.000001
0.014828 0.000001
-0.025798 0.000000
-0.012219 0.000000
-0.004689 0.000000
0.001939 0.000000
-0.014339 0.000000
-0.010867 0.000000
0.029334 0.000000
-0.023456 0.000000
0.013388 0.000000
0.007415 0.000000
-0.010306 0.000000
-0.005480 0.000000
-0.002253 0.000000
0.004075 0.000000
-0.001012 0.000000
-0.004701 0.000000
0.001601 0.000000
-0.000910 0.000000
0.002861 0.000000
-0.001063 0.000000
-0.000033 0.000000
0.001996 0.000000
0.000352 0.000000
-0.000192 0.000000
0.000189 0.000000
