0.000000 0.000000
0.002796 -0.000000
-0.007962 -0.000000
-0.004516 -0.000000
0.000487 -0.000000
0.003748 -0.000000
0.004518 -0.000000
0.004744 -0.000000
0.003483 -0.000000
0.002204 -0.000000
0.000447 -0.000000
-0.001189 -0.000000
-0.003092 -0.000000
-0.004511 -0.000000
-0.006078 -0.000000
-0.007405 -0.000000
-0.008801 -0.000000
-0.009917 -0.000000
-0.011027 -0.000000
-0.011895 -0.000000
-0.012592 -0.000000
-0.013151 -0.000000
-0.013814 -0.000000
-0.014356 -0.000000
-0.014834 -0.000000
-0.015103 -0.000000
-0.015500 -0.000000
-0.015596 -0.000000
-0.015864 -0.000000
-0.015884 -0.000000
-0.016133 -0.000000
-0.015909 -0.000000
-0.016065 -0.000000
-0.015824 -0.000000
-0.016033 -0.000000
-0.015792 -0.000000
-0.015949 -0.000000
-0.015532 -0.000000
-0.015620 -0.000000
-0.015345 -0.000000
-0.015204 -0.000000
-0.014796 -0.000000
-0.014847 -0.000000
-0.014382 -0.000000
-0.014402 -0.000000
-0.013967 -0.000000
-0.013920 -0.000000
-0.013278 -0.000000
-0.013294 -0.000000
-0.012733 -0.000000
-0.012742 -0.000000
-0.012217 -0.000000
-0.012398 -0.000000
-0.011667 -0.000000
-0.011720 -0.000000
-0.011058 -0.000000
-0.011035 -0.000000
-0.010631 -0.000000
-0.010560 -0.000000
-0.010385 -0.000000
-0.009936 -0.000000
-0.009646 -0.000000
-0.009450 -0.000000
-0.008945 -0.000000
-0.008807 -0.000000
-0.008478 -0.000000
-0.008218 -0.000000
-0.007923 -0.000000
-0.007901 -0.000000
-0.007195 -0.000000
-0.007303 -0.000000
-0.006710 -0.000000
-0.006721 -0.000000
-0.006308 -0.000000
-0.006027 -0.000000
-0.005839 -0.000000
-0.005590 -0.000000
-0.005045 -0.000000
-0.005168 -0.000000
-0.004732 -0.000000
-0.004494 -0.000000
-0.004200 -0.000000
-0.004071 -0.000000
-0.003734 -0.000000
-0.003760 -0.000000
-0.003187 -0.000000
-0.002905 -0.000000
-0.002860 -0.000000
-0.002816 -0.000000
-0.002181 -0.000000
-0.001955 -0.000000
-0.001762 -0.000000
-0.001607 -0.000000
-0.001369 -0.000000
-0.001378 -0.000000
-0.001060 -0.000000
-0.000788 -0.000000
-0.000329 -0.000000
-0.000329 -0.000000
0.000043 -0.000000
