-0.000000 0.000000
-0.009234 0.000000
0.022524 0.000000
0.016544 0.000000
0.002256 0.000000
-0.010315 0.000000
-0.017932 0.000000
-0.023995 0.000000
-0.026298 0.000000
-0.028028 0.000000
-0.027834 0.000000
-0.027598 0.000000
-0.025918 0.000000
-0.025015 0.000000
-0.023061 0.000000
-0.021607 0.000000
-0.019441 0.000000
-0.017946 0.000000
-0.015891 0.000000
-0.014471 0.000000
-0.012757 0.000000
-0.011577 0.000000
-0.009815 0.000000
-0.008652 0.000000
-0.007119 0.000000
-0.006230 0.000000
-0.004821 0.000000
-0.004117 0.000000
-0.002816 0.000000
-0.002252 0.000000
-0.001114 0.000000
-0.000798 0.000000
0.000230 0.000000
0.000409 0.000000
0.001455 0.000000
0.001658 0.000000
0.002674 0.000000
0.002571 0.000000
0.003384 0.000000
0.003373 0.000000
0.004055 0.000000
0.003906 0.000000
0.004572 0.000000
0.004374 0.000000
0.005041 0.000000
0.004795 0.000000
0.005376 0.000000
0.004765 0.000000
0.005433 0.000000
0.004946 0.000000
0.005564 0.000000
0.005103 0.000000
0.005899 0.000000
0.005225 0.000000
0.005768 0.000000
0.005125 0.000000
0.005648 0.000000
0.005171 0.000000
0.005643 0.000000
0.005372 0.000000
0.005458 0.000000
0.005145 0.000000
0.005379 0.000000
0.004859 0.000000
0.005057 0.000000
0.004682 0.000000
0.004809 0.000000
0.004457 0.000000
0.004847 0.000000
0.004002 0.000000
0.004523 0.000000
0.003910 0.000000
0.004279 0.000000
0.003776 0.000000
0.003851 0.000000
0.003589 0.000000
0.003642 0.000000
0.002981 0.000000
0.003427 0.000000
0.002833 0.000000
0.002934 0.000000
0.002517 0.000000
0.002684 0.000000
0.002245 0.000000
0.002538 0.000000
0.001869 0.000000
0.001920 0.000000
0.001710 0.000000
0.002048 0.000000
0.001214 0.000000
0.001348 0.000000
0.000993 0.000000
0.001206 0.000000
0.000755 0.000000
0.001130 0.000000
0.000575 0.000000
0.000609 0.000000
-0.000044 0.000000
0.000430 0.000000
-0.000176 0.000000
