0.000000 0.000000
0.094362 -0.000000
0.031329 -0.000000
0.007276 -0.000000
-0.001760 -0.000000
-0.002615 -0.000000
-0.004275 -0.000000
-0.002258 -0.000000
-0.002974 -0.000000
-0.000886 -0.000000
-0.001617 -0.000000
0.000293 -0.000000
-0.000743 -0.000000
0.001014 -0.000000
-0.000129 -0.000000
0.001384 -0.000000
0.000143 -0.000000
0.001568 -0.000000
0.000240 -0.000000
0.001601 -0.000000
0.000249 -0.000000
0.001588 -0.000000
0.000195 -0.000000
0.001465 -0.000000
0.000045 -0.000000
0.001337 -0.000000
-0.000061 -0.000000
0.001216 -0.000000
-0.000211 -0.000000
0.001070 -0.000000
-0.000351 -0.000000
0.000928 -0.000000
-0.000463 -0.000000
0.000823 -0.000000
-0.000590 -0.000000
0.000692 -0.000000
-0.000733 -0.000000
0.000598 -0.000000
-0.000800 -0.000000
0.000528 -0.000000
-0.000901 -0.000000
0.000431 -0.000000
-0.000946 -0.000000
0.000375 -0.000000
-0.001033 -0.000000
0.000279 -0.000000
-0.001097 -0.000000
0.000313 -0.000000
-0.001065 -0.000000
0.000276 -0.000000
-0.001106 -0.000000
0.000255 -0.000000
-0.001192 -0.000000
0.000202 -0.000000
-0.001170 -0.000000
0.000229 -0.000000
-0.001165 -0.000000
0.000231 -0.000000
-0.001189 -0.000000
0.000159 -0.000000
-0.001194 -0.000000
0.000149 -0.000000
-0.001186 -0.000000
0.000186 -0.000000
-0.001141 -0.000000
0.000211 -0.000000
-0.001107 -0.000000
0.000218 -0.000000
-0.001151 -0.000000
0.000295 -0.000000
-0.001099 -0.000000
0.000259 -0.000000
-0.001084 -0.000000
0.000264 -0.000000
-0.001054 -0.000000
0.000301 -0.000000
-0.001024 -0.000000
0.000346 -0.000000
-0.000992 -0.000000
0.000393 -0.000000
-0.000945 -0.000000
0.000433 -0.000000
-0.000913 -0.000000
0.000434 -0.000000
-0.000913 -0.000000
0.000481 -0.000000
-0.000866 -0.000000
0.000483 -0.000000
-0.000873 -0.000000
0.000591 -0.000000
-0.000796 -0.000000
0.000554 -0.000000
-0.000772 -0.000000
0.000589 -0.000000
-0.000833 -0.000000
0.000601 -0.000000
-0.000726 -0.000000
0.000672 -0.000000
-0.000714 -0.000000
0.000710 -0.000000
