-0.000000 0.000000
-0.027597 0.000000
0.040827 0.000000
0.053012 0.000000
0.045803 0.000000
0.034199 0.000000
0.025600 0.000000
0.016594 0.000000
0.011508 0.000000
0.006043 0.000000
0.003380 0.000000
0.000002 0.000000
-0.000824 0.000000
-0.003079 0.000000
-0.003140 0.000000
-0.004421 0.000000
-0.003933 0.000000
-0.004810 0.000000
-0.004017 0.000000
-0.004644 0.000000
-0.003786 0.000000
-0.004330 0.000000
-0.003282 0.000000
-0.003655 0.000000
-0.002597 0.000000
-0.003022 0.000000
-0.001969 0.000000
-0.002391 0.000000
-0.001288 0.000000
-0.001731 0.000000
-0.000688 0.000000
-0.001191 0.000000
-0.000179 0.000000
-0.000733 0.000000
0.000319 0.000000
-0.000179 0.000000
0.000891 0.000000
0.000213 0.000000
0.001184 0.000000
0.000556 0.000000
0.001551 0.000000
0.000896 0.000000
0.001781 0.000000
0.001123 0.000000
0.002060 0.000000
0.001388 0.000000
0.002278 0.000000
0.001319 0.000000
0.002266 0.000000
0.001452 0.000000
0.002373 0.000000
0.001557 0.000000
0.002631 0.000000
0.001703 0.000000
0.002559 0.000000
0.001646 0.000000
0.002549 0.000000
0.001684 0.000000
0.002588 0.000000
0.001846 0.000000
0.002561 0.000000
0.001814 0.000000
0.002541 0.000000
0.001714 0.000000
0.002388 0.000000
0.001614 0.000000
0.002263 0.000000
0.001537 0.000000
0.002349 0.000000
0.001289 0.000000
0.002189 0.000000
0.001338 0.000000
0.002113 0.000000
0.001314 0.000000
0.001946 0.000000
0.001232 0.000000
0.001851 0.000000
0.000962 0.000000
0.001753 0.000000
0.000845 0.000000
0.001536 0.000000
0.000721 0.000000
0.001414 0.000000
0.000627 0.000000
0.001379 0.000000
0.000461 0.000000
0.001120 0.000000
0.000409 0.000000
0.001215 0.000000
0.000124 0.000000
0.000875 0.000000
0.000123 0.000000
0.000830 0.000000
0.000012 0.000000
0.000879 0.000000
-0.000068 0.000000
0.000550 0.000000
-0.000368 0.000000
0.000549 0.000000
-0.000434 0.000000
