0.000000 0.000000
-0.000141 0.000036
0.000426 0.000071
-0.000109 0.000107
-0.000389 0.000142
-0.000273 0.000178
0.000001 0.000213
0.000216 0.000249
0.000324 0.000285
0.000323 0.000320
0.000266 0.000356
0.000169 0.000391
0.000072 0.000427
-0.000028 0.000462
-0.000106 0.000498
-0.000175 0.000533
-0.000217 0.000568
-0.000251 0.000604
-0.000261 0.000639
-0.000266 0.000675
-0.000252 0.000710
-0.000238 0.000745
-0.000209 0.000780
-0.000184 0.000816
-0.000147 0.000851
-0.000117 0.000886
-0.000078 0.000921
-0.000047 0.000956
-0.000010 0.000991
0.000019 0.001026
0.000053 0.001061
0.000076 0.001096
0.000106 0.001131
0.000124 0.001166
0.000148 0.001201
0.000161 0.001235
0.000179 0.001270
0.000187 0.001305
0.000199 0.001339
0.000202 0.001374
0.000210 0.001408
0.000208 0.001443
0.000212 0.001477
0.000206 0.001512
0.000206 0.001546
0.000196 0.001580
0.000193 0.001614
0.000181 0.001648
0.000176 0.001682
0.000161 0.001716
0.000154 0.001750
0.000137 0.001784
0.000128 0.001818
0.000111 0.001851
0.000101 0.001885
0.000083 0.001918
0.000072 0.001952
0.000053 0.001985
0.000042 0.002018
0.000023 0.002052
0.000012 0.002085
-0.000007 0.002118
-0.000018 0.002151
-0.000037 0.002184
-0.000047 0.002216
-0.000065 0.002249
-0.000075 0.002282
-0.000093 0.002314
-0.000102 0.002347
-0.000119 0.002379
-0.000128 0.002411
-0.000143 0.002443
-0.000151 0.002475
-0.000166 0.002507
-0.000173 0.002539
-0.000187 0.002571
-0.000193 0.002603
-0.000206 0.002634
-0.000211 0.002666
-0.000223 0.002697
-0.000227 0.002728
-0.000238 0.002759
-0.000241 0.002790
-0.000251 0.002821
-0.000253 0.002852
-0.000262 0.002883
-0.000263 0.002913
-0.000271 0.002944
-0.000271 0.002974
-0.000279 0.003004
-0.000278 0.003034
-0.000284 0.003064
-0.000283 0.003094
-0.000288 0.003124
-0.000286 0.003153
-0.000291 0.003183
-0.000288 0.003212
-0.000292 0.003241
-0.000288 0.003270
-0.000291 0.003299
