-0.000000 0.000000
-0.000869 -0.000000
0.002549 -0.000000
-0.000524 -0.000000
-0.002348 -0.000000
-0.001886 -0.000000
-0.000333 -0.000000
0.001056 -0.000000
0.001917 -0.000000
0.002142 -0.000000
0.001975 -0.000000
0.001489 -0.000000
0.000908 -0.000000
0.000236 -0.000000
-0.000371 -0.000000
-0.000966 -0.000000
-0.001437 -0.000000
-0.001865 -0.000000
-0.002156 -0.000000
-0.002404 -0.000000
-0.002524 -0.000000
-0.002614 -0.000000
-0.002593 -0.000000
-0.002559 -0.000000
-0.002430 -0.000000
-0.002303 -0.000000
-0.002096 -0.000000
-0.001905 -0.000000
-0.001646 -0.000000
-0.001414 -0.000000
-0.001123 -0.000000
-0.000868 -0.000000
-0.000561 -0.000000
-0.000296 -0.000000
0.000015 -0.000000
0.000280 -0.000000
0.000587 -0.000000
0.000843 -0.000000
0.001140 -0.000000
0.001384 -0.000000
0.001666 -0.000000
0.001895 -0.000000
0.002160 -0.000000
0.002370 -0.000000
0.002617 -0.000000
0.002809 -0.000000
0.003037 -0.000000
0.003210 -0.000000
0.003418 -0.000000
0.003573 -0.000000
0.003762 -0.000000
0.003898 -0.000000
0.004070 -0.000000
0.004188 -0.000000
0.004343 -0.000000
0.004444 -0.000000
0.004583 -0.000000
0.004669 -0.000000
0.004792 -0.000000
0.004863 -0.000000
0.004973 -0.000000
0.005031 -0.000000
0.005127 -0.000000
0.005172 -0.000000
0.005257 -0.000000
0.005291 -0.000000
0.005364 -0.000000
0.005387 -0.000000
0.005450 -0.000000
0.005464 -0.000000
0.005518 -0.000000
0.005523 -0.000000
0.005570 -0.000000
0.005567 -0.000000
0.005605 -0.000000
0.005595 -0.000000
0.005626 -0.000000
0.005610 -0.000000
0.005635 -0.000000
0.005613 -0.000000
0.005634 -0.000000
0.005606 -0.000000
0.005621 -0.000000
0.005589 -0.000000
0.005599 -0.000000
0.005563 -0.000000
0.005569 -0.000000
0.005529 -0.000000
0.005533 -0.000000
0.005489 -0.000000
0.005489 -0.000000
0.005443 -0.000000
0.005440 -0.000000
0.005391 -0.000000
0.005386 -0.000000
0.005335 -0.000000
0.005329 -0.000000
0.005275 -0.000000
0.005266 -0.000000
0.005211 -0.000000
