0.000000 0.000000
-0.004659 -0.000000
0.017672 -0.000000
-0.038439 -0.000000
0.037838 -0.000000
0.023946 -0.000000
-0.045795 -0.000000
-0.068303 -0.000000
-0.022609 -0.000000
0.022698 -0.000000
0.040681 -0.000000
0.025249 -0.000000
0.006450 -0.000000
-0.011056 -0.000000
-0.012730 -0.000000
-0.013009 -0.000000
-0.004432 -0.000000
-0.001476 -0.000000
0.005508 -0.000000
0.003187 -0.000000
0.006215 -0.000000
0.002992 -0.000000
0.004121 -0.000000
0.000205 -0.000000
0.001697 -0.000000
0.000116 -0.000000
0.002959 -0.000000
-0.000006 -0.000000
0.003746 -0.000000
0.001291 -0.000000
0.002879 -0.000000
0.000656 -0.000000
0.003638 -0.000000
-0.001311 -0.000000
0.001972 -0.000000
-0.002553 -0.000000
0.001703 -0.000000
-0.001632 -0.000000
0.001672 -0.000000
-0.001906 -0.000000
0.002147 -0.000000
0.000056 -0.000000
0.002800 -0.000000
-0.000891 -0.000000
0.003513 -0.000000
-0.000706 -0.000000
0.001990 -0.000000
-0.001690 -0.000000
-0.001242 -0.000000
-0.000363 -0.000000
0.000363 -0.000000
0.001242 -0.000000
0.001690 -0.000000
-0.001990 -0.000000
0.000706 -0.000000
-0.003513 -0.000000
0.000891 -0.000000
-0.002800 -0.000000
-0.000056 -0.000000
-0.002147 -0.000000
0.001906 -0.000000
-0.001672 -0.000000
0.001632 -0.000000
-0.001703 -0.000000
0.002553 -0.000000
-0.001972 -0.000000
0.001311 -0.000000
-0.003638 -0.000000
-0.000656 -0.000000
-0.002879 -0.000000
-0.001291 -0.000000
-0.003746 -0.000000
0.000006 -0.000000
-0.002959 -0.000000
-0.000116 -0.000000
-0.001697 -0.000000
-0.000205 -0.000000
-0.004121 -0.000000
-0.002992 -0.000000
-0.006215 -0.000000
-0.003187 -0.000000
-0.005508 -0.000000
0.001476 -0.000000
0.004432 -0.000000
0.013009 -0.000000
0.012730 -0.000000
0.011056 -0.000000
-0.006450 -0.000000
-0.025249 -0.000000
-0.040681 -0.000000
-0.022698 -0.000000
0.022609 -0.000000
0.068303 -0.000000
0.045795 -0.000000
-0.023946 -0.000000
-0.037838 -0.000000
0.038439 -0.000000
-0.017672 -0.000000
0.004659 -0.000000
-0.000000 0.000000
