-0.000000 0.000000
-0.000121 0.000000
0.000846 0.000000
-0.000689 0.000000
-0.000405 0.000000
0.001414 0.000000
0.003355 0.000000
0.004493 0.000000
0.004695 0.000000
0.004122 0.000000
0.003081 0.000000
0.001773 0.000000
0.000399 0.000000
-0.000965 0.000000
-0.002218 0.000000
-0.003359 0.000000
-0.004336 0.000000
-0.005182 0.000000
-0.005867 0.000000
-0.006436 0.000000
-0.006866 0.000000
-0.007206 0.000000
-0.007433 0.000000
-0.007596 0.000000
-0.007672 0.000000
-0.007705 0.000000
-0.007672 0.000000
-0.007616 0.000000
-0.007509 0.000000
-0.007393 0.000000
-0.007238 0.000000
-0.007086 0.000000
-0.006904 0.000000
-0.006732 0.000000
-0.006537 0.000000
-0.006358 0.000000
-0.006161 0.000000
-0.005983 0.000000
-0.005791 0.000000
-0.005620 0.000000
-0.005437 0.000000
-0.005277 0.000000
-0.005107 0.000000
-0.004960 0.000000
-0.004803 0.000000
-0.004671 0.000001
-0.004529 0.000001
-0.004411 0.000001
-0.004284 0.000001
-0.004181 0.000001
-0.004068 0.000001
-0.003978 0.000001
-0.003878 0.000001
-0.003802 0.000001
-0.003715 0.000001
-0.003651 0.000001
-0.003576 0.000001
-0.003522 0.000001
-0.003457 0.000001
-0.003414 0.000001
-0.003358 0.000001
-0.003324 0.000001
-0.003276 0.000001
-0.003250 0.000001
-0.003210 0.000001
-0.003190 0.000001
-0.003157 0.000001
-0.003144 0.000001
-0.003116 0.000001
-0.003108 0.000001
-0.003086 0.000001
-0.003082 0.000001
-0.003063 0.000001
-0.003063 0.000001
-0.003048 0.000001
-0.003051 0.000001
-0.003039 0.000001
-0.003045 0.000001
-0.003035 0.000001
-0.003043 0.000001
-0.003034 0.000001
-0.003044 0.000001
-0.003037 0.000001
-0.003048 0.000001
-0.003042 0.000001
-0.003054 0.000001
-0.003049 0.000001
-0.003061 0.000001
-0.003056 0.000001
-0.003069 0.000001
-0.003065 0.000001
-0.003077 0.000001
-0.003072 0.000001
-0.003085 0.000001
-0.003080 0.000001
-0.003092 0.000001
-0.003086 0.000001
-0.003098 0.000001
-0.003092 0.000001
-0.003104 0.000001
