0.000000 0.000000
0.061534 -0.000000
0.014054 -0.000000
0.000378 -0.000000
-0.001247 -0.000000
0.000451 -0.000000
0.000870 -0.000000
0.001382 -0.000000
0.000787 -0.000000
0.000888 -0.000000
0.000245 -0.000000
0.000439 -0.000000
-0.000077 -0.000000
0.000234 -0.000000
-0.000185 -0.000000
0.000199 -0.000000
-0.000169 -0.000000
0.000248 -0.000000
-0.000099 -0.000000
0.000329 -0.000000
-0.000015 -0.000000
0.000412 -0.000000
0.000063 -0.000000
0.000482 -0.000000
0.000126 -0.000000
0.000536 -0.000000
0.000171 -0.000000
0.000574 -0.000000
0.000201 -0.000000
0.000596 -0.000000
0.000217 -0.000000
0.000606 -0.000000
0.000221 -0.000000
0.000606 -0.000000
0.000218 -0.000000
0.000599 -0.000000
0.000208 -0.000000
0.000587 -0.000000
0.000195 -0.000000
0.000573 -0.000000
0.000180 -0.000000
0.000556 -0.000000
0.000162 -0.000000
0.000539 -0.000000
0.000144 -0.000000
0.000521 -0.000000
0.000127 -0.000000
0.000505 -0.000000
0.000112 -0.000000
0.000488 -0.000000
0.000096 -0.000000
0.000475 -0.000000
0.000083 -0.000000
0.000462 -0.000000
0.000071 -0.000000
0.000451 -0.000000
0.000060 -0.000000
0.000440 -0.000000
0.000050 -0.000000
0.000433 -0.000000
0.000043 -0.000000
0.000425 -0.000000
0.000037 -0.000000
0.000420 -0.000000
0.000032 -0.000000
0.000416 -0.000000
0.000029 -0.000000
0.000413 -0.000000
0.000027 -0.000000
0.000410 -0.000000
0.000025 -0.000000
0.000409 -0.000000
0.000023 -0.000000
0.000408 -0.000000
0.000022 -0.000000
0.000408 -0.000000
0.000022 -0.000000
0.000409 -0.000000
0.000026 -0.000000
0.000412 -0.000000
0.000026 -0.000000
0.000412 -0.000000
0.000027 -0.000000
0.000413 -0.000000
0.000029 -0.000000
0.000416 -0.000000
0.000032 -0.000000
0.000419 -0.000000
0.000034 -0.000000
0.000420 -0.000000
0.000036 -0.000000
0.000421 -0.000000
0.000040 -0.000000
0.000426 -0.000000
0.000042 -0.000000
0.000428 -0.000000
0.000043 -0.000000
0.000430 -0.000000
0.000045 -0.000000
0.000432 -0.000000
