0.000000 0.000000
0.018171 -0.000000
-0.040574 -0.000000
-0.027598 -0.000000
-0.004486 -0.000000
0.009339 -0.000000
0.012681 -0.000000
0.011608 -0.000000
0.008376 -0.000000
0.005838 -0.000000
0.003300 -0.000000
0.002052 -0.000000
0.000781 -0.000000
0.000573 -0.000000
0.000090 -0.000000
0.000443 -0.000000
0.000337 -0.000000
0.000925 -0.000000
0.000949 -0.000000
0.001594 -0.000000
0.001622 -0.000000
0.002235 -0.000000
0.002212 -0.000000
0.002761 -0.000000
0.002670 -0.000000
0.003147 -0.000000
0.002983 -0.000000
0.003394 -0.000000
0.003170 -0.000000
0.003526 -0.000000
0.003253 -0.000000
0.003566 -0.000000
0.003254 -0.000000
0.003536 -0.000000
0.003197 -0.000000
0.003453 -0.000000
0.003095 -0.000000
0.003337 -0.000000
0.002970 -0.000000
0.003205 -0.000000
0.002831 -0.000000
0.003059 -0.000000
0.002683 -0.000000
0.002912 -0.000000
0.002536 -0.000000
0.002769 -0.000000
0.002396 -0.000000
0.002633 -0.000000
0.002266 -0.000000
0.002505 -0.000000
0.002145 -0.000000
0.002392 -0.000000
0.002036 -0.000000
0.002290 -0.000000
0.001941 -0.000000
0.002201 -0.000000
0.001858 -0.000000
0.002122 -0.000000
0.001786 -0.000000
0.002060 -0.000000
0.001726 -0.000000
0.002003 -0.000000
0.001680 -0.000001
0.001963 -0.000001
0.001641 -0.000001
0.001929 -0.000001
0.001612 -0.000001
0.001904 -0.000001
0.001594 -0.000001
0.001887 -0.000001
0.001581 -0.000001
0.001876 -0.000001
0.001568 -0.000001
0.001868 -0.000001
0.001565 -0.000001
0.001871 -0.000001
0.001570 -0.000001
0.001877 -0.000001
0.001581 -0.000001
0.001887 -0.000001
0.001586 -0.000001
0.001893 -0.000001
0.001597 -0.000001
0.001906 -0.000001
0.001611 -0.000001
0.001922 -0.000001
0.001630 -0.000001
0.001939 -0.000001
0.001644 -0.000001
0.001956 -0.000001
0.001664 -0.000001
0.001971 -0.000001
0.001682 -0.000001
0.001993 -0.000001
0.001699 -0.000001
0.002009 -0.000001
0.001712 -0.000001
0.002024 -0.000001
0.001728 -0.000001
0.002042 -0.000001
