-0.000000 0.000000
-0.011572 0.000000
0.029886 0.000000
0.011446 0.000000
-0.010701 0.000000
-0.021048 0.000000
-0.020956 0.000000
-0.016996 0.000000
-0.011831 0.000000
-0.007880 0.000000
-0.004577 0.000000
-0.002764 0.000000
-0.001314 0.000000
-0.000935 0.000000
-0.000527 0.000000
-0.000866 0.000000
-0.000927 0.000000
-0.001545 0.000000
-0.001752 0.000000
-0.002424 0.000000
-0.002619 0.000000
-0.003238 0.000000
-0.003358 0.000000
-0.003886 0.000000
-0.003912 0.000000
-0.004345 0.000000
-0.004277 0.000000
-0.004624 0.000000
-0.004478 0.000000
-0.004756 0.000000
-0.004549 0.000000
-0.004772 0.000000
-0.004517 0.000000
-0.004701 0.000000
-0.004413 0.000000
-0.004568 0.000000
-0.004257 0.000000
-0.004396 0.000000
-0.004075 0.000000
-0.004205 0.000000
-0.003877 0.000000
-0.004001 0.000000
-0.003672 0.000000
-0.003800 0.000000
-0.003471 0.000000
-0.003604 0.000000
-0.003282 0.000000
-0.003420 0.000001
-0.003106 0.000001
-0.003249 0.000001
-0.002944 0.000001
-0.003098 0.000001
-0.002799 0.000001
-0.002961 0.000001
-0.002673 0.000001
-0.002844 0.000001
-0.002563 0.000001
-0.002740 0.000001
-0.002468 0.000001
-0.002657 0.000001
-0.002389 0.000001
-0.002583 0.000001
-0.002327 0.000001
-0.002529 0.000001
-0.002276 0.000001
-0.002483 0.000001
-0.002237 0.000001
-0.002451 0.000001
-0.002212 0.000001
-0.002429 0.000001
-0.002195 0.000001
-0.002414 0.000001
-0.002179 0.000001
-0.002403 0.000001
-0.002174 0.000001
-0.002405 0.000001
-0.002179 0.000001
-0.002411 0.000001
-0.002190 0.000001
-0.002422 0.000001
-0.002197 0.000001
-0.002430 0.000001
-0.002211 0.000001
-0.002447 0.000001
-0.002229 0.000001
-0.002467 0.000001
-0.002251 0.000001
-0.002487 0.000001
-0.002269 0.000001
-0.002508 0.000001
-0.002293 0.000001
-0.002527 0.000001
-0.002314 0.000001
-0.002552 0.000001
-0.002334 0.000001
-0.002571 0.000001
-0.002351 0.000001
-0.002589 0.000001
-0.002371 0.000001
-0.002611 0.000001
