-0.000000 0.000000
-0.001285 0.000000
0.004697 0.000000
-0.003154 0.000000
-0.004897 0.000000
-0.003255 0.000000
-0.000641 0.000000
0.001229 0.000000
0.002346 0.000000
0.002652 0.000000
0.002401 0.000000
0.001717 0.000000
0.000903 0.000000
-0.000092 0.000000
-0.001003 0.000000
-0.001885 0.000000
-0.002663 0.000000
-0.003380 0.000000
-0.003834 0.000000
-0.004314 0.000000
-0.004638 0.000000
-0.004814 0.000000
-0.004872 0.000000
-0.004851 0.000000
-0.004782 0.000000
-0.004587 0.000000
-0.004261 0.000000
-0.004134 0.000000
-0.003699 0.000000
-0.003322 0.000000
-0.002998 0.000000
-0.002568 0.000000
-0.002165 0.000000
-0.001646 0.000000
-0.001163 0.000000
-0.000809 0.000000
-0.000358 0.000000
0.000103 0.000000
0.000597 0.000000
0.001017 0.000000
0.001400 0.000000
0.001851 0.000000
0.002335 0.000000
0.002528 0.000000
0.003087 0.000000
0.003432 0.000000
0.003801 0.000000
0.003974 0.000000
0.004451 0.000000
0.004609 0.000000
0.005013 0.000000
0.005250 0.000000
0.005560 0.000000
0.005739 0.000000
0.006065 0.000000
0.006228 0.000000
0.006436 0.000000
0.006510 0.000000
0.006768 0.000000
0.006870 0.000000
0.007107 0.000000
0.007151 0.000000
0.007414 0.000000
0.007433 0.000000
0.007555 0.000000
0.007547 0.000000
0.007631 0.000000
0.007660 0.000000
0.007776 0.000000
0.007677 0.000000
0.007886 0.000000
0.007756 0.000000
0.007999 0.000000
0.007810 0.000000
0.007973 0.000000
0.008104 0.000000
0.007846 0.000000
0.007761 0.000000
0.007886 0.000000
0.007919 0.000000
0.007806 0.000000
0.007650 0.000000
0.007625 0.000000
0.007608 0.000000
0.007737 0.000000
0.007583 0.000000
0.007536 0.000000
0.007371 0.000000
0.007453 0.000000
0.007258 0.000000
0.007339 0.000000
0.007188 0.000000
0.007165 0.000000
0.006968 0.000000
0.006864 0.000000
0.006745 0.000000
0.006732 0.000000
0.006654 0.000000
0.006581 0.000000
0.006379 0.000000
