-0.000044 0.000000
0.000541 -0.000000
-0.000477 -0.000000
0.000574 -0.000000
-0.001339 -0.000000
0.000879 -0.000000
-0.001559 -0.000000
-0.003419 -0.000000
0.000310 -0.000000
-0.002496 -0.000000
-0.001168 -0.000000
-0.000764 -0.000000
-0.000756 -0.000000
0.005120 -0.000000
0.001617 -0.000000
-0.001429 -0.000000
-0.009043 -0.000000
0.004715 -0.000000
0.006739 -0.000000
-0.008379 -0.000000
0.000311 -0.000000
0.011684 -0.000000
-0.002151 -0.000000
-0.004815 -0.000000
-0.009904 -0.000000
-0.008344 -0.000000
0.012579 -0.000000
0.002731 -0.000000
-0.004761 -0.000000
-0.013400 -0.000000
-0.015897 -0.000000
-0.018607 -0.000000
0.006917 -0.000000
-0.018972 -0.000000
0.005717 -0.000000
0.023037 -0.000000
0.033365 -0.000000
0.027018 -0.000000
-0.043146 -0.000000
0.000943 -0.000000
0.009593 -0.000000
0.018820 -0.000000
-0.002500 -0.000000
0.012226 -0.000000
0.056133 -0.000000
0.017031 -0.000000
-0.033469 -0.000000
0.020999 -0.000000
-0.000316 -0.000000
-0.004200 -0.000000
0.004200 -0.000000
0.000316 -0.000000
-0.020999 -0.000000
0.033469 -0.000000
-0.017031 -0.000000
-0.056133 -0.000000
-0.012226 -0.000000
0.002500 -0.000000
-0.018820 -0.000000
-0.009593 -0.000000
-0.000943 -0.000000
0.043146 -0.000000
-0.027018 -0.000000
-0.033365 -0.000000
-0.023037 -0.000000
-0.005717 -0.000000
0.018972 -0.000000
-0.006917 -0.000000
0.018607 -0.000000
0.015897 -0.000000
0.013400 -0.000000
0.004761 -0.000000
-0.002731 -0.000000
-0.012579 -0.000000
0.008344 -0.000000
0.009904 -0.000000
0.004815 -0.000000
0.002151 -0.000000
-0.011684 -0.000000
-0.000311 -0.000000
0.008379 -0.000000
-0.006739 -0.000000
-0.004715 -0.000000
0.009043 -0.000000
0.001429 -0.000000
-0.001617 -0.000000
-0.005120 -0.000000
0.000756 -0.000000
0.000764 -0.000000
0.001168 -0.000000
0.002496 -0.000000
-0.000310 -0.000000
0.003419 -0.000000
0.001559 -0.000000
-0.000879 -0.000000
0.001339 -0.000000
-0.000574 -0.000000
0.000477 -0.000000
-0.000541 -0.000000
0.000044 -0.000000
