-0.000222 0.000000
0.000590 -0.000000
-0.001086 -0.000000
0.000767 -0.000000
-0.002504 -0.000000
-0.000861 -0.000000
0.005537 -0.000000
-0.001001 -0.000000
0.008498 -0.000000
0.001067 -0.000000
-0.000576 -0.000000
-0.006562 -0.000000
-0.009663 -0.000000
0.006036 -0.000000
0.007545 -0.000000
0.000423 -0.000000
0.007215 -0.000000
-0.000967 -0.000000
0.019925 -0.000000
0.007620 -0.000000
-0.001722 -0.000000
0.002684 -0.000000
-0.017901 -0.000000
-0.010447 -0.000000
-0.004442 -0.000000
-0.044664 -0.000000
-0.015604 -0.000000
0.032551 -0.000000
0.024275 -0.000000
-0.027091 -0.000000
0.025101 -0.000000
-0.015610 -0.000000
0.015083 -0.000000
-0.007185 -0.000000
0.008098 -0.000000
0.017015 -0.000000
0.011702 -0.000000
0.015613 -0.000000
0.004477 -0.000000
0.009007 -0.000000
0.018530 -0.000000
-0.002628 -0.000000
-0.014404 -0.000000
-0.025294 -0.000000
-0.004163 -0.000000
0.007185 -0.000000
-0.003069 -0.000000
0.022642 -0.000000
-0.030122 -0.000000
0.021864 -0.000000
-0.021864 -0.000000
0.030122 -0.000000
-0.022642 -0.000000
0.003069 -0.000000
-0.007185 -0.000000
0.004163 -0.000000
0.025294 -0.000000
0.014404 -0.000000
0.002628 -0.000000
-0.018530 -0.000000
-0.009007 -0.000000
-0.004477 -0.000000
-0.015613 -0.000000
-0.011702 -0.000000
-0.017015 -0.000000
-0.008098 -0.000000
0.007185 -0.000000
-0.015083 -0.000000
0.015610 -0.000000
-0.025101 -0.000000
0.027091 -0.000000
-0.024275 -0.000000
-0.032551 -0.000000
0.015604 -0.000000
0.044664 -0.000000
0.004442 -0.000000
0.010447 -0.000000
0.017901 -0.000000
-0.002684 -0.000000
0.001722 -0.000000
-0.007620 -0.000000
-0.019925 -0.000000
0.000967 -0.000000
-0.007215 -0.000000
-0.000423 -0.000000
-0.007545 -0.000000
-0.006036 -0.000000
0.009663 -0.000000
0.006562 -0.000000
0.000576 -0.000000
-0.001067 -0.000000
-0.008498 -0.000000
0.001001 -0.000000
-0.005537 -0.000000
0.000861 -0.000000
0.002504 -0.000000
-0.000767 -0.000000
0.001086 -0.000000
-0.000590 -0.000000
0.000222 0.000000
