0.000093 0.000000
-0.000296 -0.000000
-0.000084 -0.000000
0.001683 -0.000000
-0.000392 -0.000000
-0.000939 -0.000000
0.002920 -0.000000
0.000210 -0.000000
0.004883 -0.000000
-0.006896 -0.000000
0.002114 -0.000000
-0.005232 -0.000000
-0.000049 -0.000000
0.015396 -0.000000
-0.001805 -0.000000
-0.000577 -0.000000
-0.005220 -0.000000
0.017958 -0.000000
0.011480 -0.000000
0.014749 -0.000000
0.012085 -0.000000
-0.001979 -0.000000
-0.038167 -0.000000
-0.015085 -0.000000
0.014117 -0.000000
-0.009033 -0.000000
-0.016197 -0.000000
0.007954 -0.000000
0.013079 -0.000000
0.005431 -0.000000
0.019231 -0.000000
-0.028111 -0.000000
0.040046 -0.000000
-0.041106 -0.000000
0.008821 -0.000000
0.002477 -0.000000
-0.000312 -0.000000
0.032784 -0.000000
0.001975 -0.000000
-0.027101 -0.000000
0.016313 -0.000000
0.015387 -0.000000
-0.001338 -0.000000
-0.009605 -0.000000
0.000031 -0.000000
0.005469 -0.000000
-0.002792 -0.000000
0.012039 -0.000000
-0.014313 -0.000000
0.013307 -0.000000
-0.013307 -0.000000
0.014313 -0.000000
-0.012039 -0.000000
0.002792 -0.000000
-0.005469 -0.000000
-0.000031 -0.000000
0.009605 -0.000000
0.001338 -0.000000
-0.015387 -0.000000
-0.016313 -0.000000
0.027101 -0.000000
-0.001975 -0.000000
-0.032784 -0.000000
0.000312 -0.000000
-0.002477 -0.000000
-0.008821 -0.000000
0.041106 -0.000000
-0.040046 -0.000000
0.028111 -0.000000
-0.019231 -0.000000
-0.005431 -0.000000
-0.013079 -0.000000
-0.007954 -0.000000
0.016197 -0.000000
0.009033 -0.000000
-0.014117 -0.000000
0.015085 -0.000000
0.038167 -0.000000
0.001979 -0.000000
-0.012085 -0.000000
-0.014749 -0.000000
-0.011480 -0.000000
-0.017958 -0.000000
0.005220 -0.000000
0.000577 -0.000000
0.001805 -0.000000
-0.015396 -0.000000
0.000049 -0.000000
0.005232 -0.000000
-0.002114 -0.000000
0.006896 -0.000000
-0.004883 -0.000000
-0.000210 -0.000000
-0.002920 -0.000000
0.000939 -0.000000
0.000392 -0.000000
-0.001683 -0.000000
0.000084 -0.000000
0.000296 -0.000000
-0.000093 -0.000000
