-0.000022 0.000000
0.000205 0.000000
-0.000316 0.000000
0.000578 0.000000
-0.001133 0.000000
0.000307 0.000000
0.001753 0.000000
0.000023 0.000000
0.000921 0.000000
0.001204 0.000000
-0.000383 0.000000
-0.007250 0.000000
0.002766 0.000000
0.009535 0.000000
0.003957 0.000000
-0.006910 0.000000
0.000669 0.000000
0.004683 0.000000
0.002430 0.000000
0.007759 0.000000
-0.003489 0.000000
-0.003091 0.000000
-0.011553 0.000000
-0.008878 0.000000
0.016709 0.000000
-0.011058 0.000000
0.006509 0.000000
0.014937 0.000000
0.003804 0.000000
0.022228 0.000000
-0.004555 0.000000
-0.022753 0.000000
0.017789 0.000000
-0.000829 0.000000
-0.017229 0.000000
-0.042179 0.000000
0.037785 0.000000
0.027700 0.000000
-0.003671 0.000000
-0.004598 0.000000
0.027633 0.000000
-0.041806 0.000000
0.012623 0.000000
-0.012538 0.000000
-0.001891 0.000000
-0.004854 0.000000
0.002430 0.000000
-0.000654 0.000000
0.009836 0.000000
-0.006297 0.000000
0.006297 0.000000
-0.009836 0.000000
0.000654 0.000000
-0.002430 0.000000
0.004854 0.000000
0.001891 0.000000
0.012538 0.000000
-0.012623 0.000000
0.041806 0.000000
-0.027633 0.000000
0.004598 0.000000
0.003671 0.000000
-0.027700 0.000000
-0.037785 0.000000
0.042179 0.000000
0.017229 0.000000
0.000829 0.000000
-0.017789 0.000000
0.022753 0.000000
0.004555 0.000000
-0.022228 0.000000
-0.003804 0.000000
-0.014937 0.000000
-0.006509 0.000000
0.011058 0.000000
-0.016709 0.000000
0.008878 0.000000
0.011553 0.000000
0.003091 0.000000
0.003489 0.000000
-0.007759 0.000000
-0.002430 0.000000
-0.004683 0.000000
-0.000669 0.000000
0.006910 0.000000
-0.003957 0.000000
-0.009535 0.000000
-0.002766 0.000000
0.007250 0.000000
0.000383 0.000000
-0.001204 0.000000
-0.000921 0.000000
-0.000023 0.000000
-0.001753 0.000000
-0.000307 0.000000
0.001133 0.000000
-0.000578 0.000000
0.000316 0.000000
-0.000205 0.000000
0.000022 0.000000
