0.000000 0.000000
-0.000605 0.000000
0.004777 0.000000
-0.001342 0.000000
-0.002386 0.000000
0.000052 0.000000
0.003922 0.000000
0.007609 0.000000
0.010806 0.000000
0.013159 0.000000
0.014870 0.000000
0.015898 0.000000
0.016500 0.000000
0.016616 0.000000
0.016521 0.000000
0.016133 0.000000
0.015651 0.000000
0.014974 0.000000
0.014328 0.000000
0.013521 0.000000
0.012793 0.000000
0.011977 0.000000
0.011251 0.000000
0.010474 0.000000
0.009780 0.000000
0.009046 0.000000
0.008431 0.000000
0.007750 0.000000
0.007195 0.000000
0.006589 0.000000
0.006082 0.000000
0.005571 0.000000
0.005125 0.000000
0.004660 0.000000
0.004287 0.000000
0.003866 0.000000
0.003546 0.000000
0.003192 0.000000
0.002922 0.000000
0.002617 0.000000
0.002378 0.000000
0.002109 0.000000
0.001927 0.000000
0.001683 0.000000
0.001536 0.000000
0.001322 0.000000
0.001198 0.000000
0.001026 0.000000
0.000926 0.000000
0.000752 0.000000
0.000680 0.000000
0.000561 0.000000
0.000515 0.000000
0.000392 0.000000
0.000349 0.000000
0.000262 0.000000
0.000219 0.000000
0.000114 0.000000
0.000111 0.000000
0.000023 0.000000
0.000042 0.000000
-0.000024 0.000000
-0.000002 0.000000
-0.000085 0.000000
-0.000057 0.000000
-0.000120 0.000000
-0.000103 0.000000
-0.000169 0.000000
-0.000124 0.000000
-0.000177 0.000000
-0.000111 0.000000
-0.000181 0.000000
-0.000111 0.000000
-0.000201 0.000000
-0.000106 0.000000
-0.000069 0.000000
-0.000130 0.000000
-0.000153 0.000000
-0.000100 0.000000
-0.000094 0.000000
-0.000066 0.000000
-0.000116 0.000000
-0.000057 0.000000
-0.000092 0.000000
-0.000019 0.000000
-0.000056 0.000000
0.000014 0.000000
-0.000037 0.000000
0.000022 0.000000
-0.000002 0.000000
0.000058 0.000000
0.000054 0.000000
0.000087 0.000000
0.000059 0.000000
0.000099 0.000000
0.000081 0.000000
0.000133 0.000000
0.000108 0.000000
0.000153 0.000000
0.000151 0.000000
