0.000000 0.000000
-0.003130 0.000000
-0.001085 0.000000
-0.016555 0.000000
-0.025132 0.000000
-0.027452 0.000000
-0.026001 0.000000
-0.023117 0.000000
-0.019598 0.000000
-0.016264 0.000000
-0.013125 0.000000
-0.010472 0.000000
-0.008118 0.000000
-0.006245 0.000000
-0.004592 0.000000
-0.003331 0.000000
-0.002206 0.000000
-0.001404 0.000000
-0.000640 0.000000
-0.000159 0.000000
0.000337 0.000000
0.000611 0.000000
0.000929 0.000000
0.001073 0.000000
0.001262 0.000000
0.001300 0.000000
0.001422 0.000000
0.001397 0.000000
0.001461 0.000000
0.001392 0.000000
0.001426 0.000000
0.001348 0.000000
0.001354 0.000000
0.001250 0.000000
0.001250 0.000000
0.001139 0.000000
0.001131 0.000000
0.001025 0.000000
0.001013 0.000000
0.000905 0.000000
0.000896 0.000000
0.000794 0.000000
0.000786 0.000000
0.000683 0.000000
0.000683 0.000000
0.000576 0.000000
0.000588 0.000000
0.000500 0.000000
0.000503 0.000000
0.000404 0.000000
0.000419 0.000000
0.000343 0.000000
0.000369 0.000000
0.000281 0.000000
0.000300 0.000000
0.000232 0.000000
0.000250 0.000000
0.000159 0.000000
0.000206 0.000000
0.000120 0.000000
0.000175 0.000000
0.000104 0.000000
0.000154 0.000000
0.000070 0.000000
0.000112 0.000000
0.000052 0.000000
0.000096 0.000000
0.000016 0.000000
0.000073 0.000000
0.000007 0.000000
0.000069 0.000000
0.000016 0.000000
0.000047 0.000000
-0.000024 0.000000
0.000059 0.000000
0.000065 0.000000
0.000031 0.000000
-0.000011 0.000000
0.000032 0.000000
-0.000005 0.000000
0.000053 0.000000
-0.000021 0.000000
0.000052 0.000000
-0.000023 0.000000
0.000053 0.000000
-0.000012 0.000000
0.000058 0.000000
-0.000005 0.000000
0.000061 0.000000
0.000008 0.000000
0.000056 0.000000
0.000035 0.000000
0.000066 0.000000
0.000025 0.000000
0.000062 0.000000
0.000018 0.000000
0.000083 0.000000
0.000024 0.000000
0.000070 0.000000
0.000048 0.000000
