-0.000000 0.000000
-0.000029 -0.000143
0.000147 -0.000285
-0.000068 -0.000428
-0.000117 -0.000571
-0.000085 -0.000713
-0.000007 -0.000856
0.000040 -0.000998
0.000079 -0.001140
0.000091 -0.001282
0.000089 -0.001424
0.000073 -0.001565
0.000061 -0.001706
0.000035 -0.001847
0.000016 -0.001988
-0.000003 -0.002128
-0.000018 -0.002268
-0.000040 -0.002408
-0.000051 -0.002547
-0.000054 -0.002686
-0.000060 -0.002825
-0.000062 -0.002963
-0.000069 -0.003100
-0.000063 -0.003237
-0.000063 -0.003374
-0.000062 -0.003510
-0.000050 -0.003645
-0.000050 -0.003780
-0.000047 -0.003914
-0.000034 -0.004048
-0.000024 -0.004181
-0.000021 -0.004313
-0.000010 -0.004445
-0.000005 -0.004576
0.000007 -0.004706
0.000024 -0.004835
0.000016 -0.004964
0.000023 -0.005092
0.000044 -0.005219
0.000035 -0.005345
0.000046 -0.005470
0.000055 -0.005595
0.000055 -0.005718
0.000047 -0.005841
0.000062 -0.005963
0.000061 -0.006084
0.000064 -0.006204
0.000074 -0.006322
0.000080 -0.006440
0.000075 -0.006557
0.000073 -0.006673
0.000075 -0.006788
0.000071 -0.006901
0.000081 -0.007014
0.000081 -0.007125
0.000085 -0.007236
0.000080 -0.007345
0.000076 -0.007453
0.000062 -0.007560
0.000059 -0.007665
0.000069 -0.007770
0.000066 -0.007873
0.000071 -0.007975
0.000074 -0.008075
0.000058 -0.008175
0.000053 -0.008273
0.000057 -0.008369
0.000056 -0.008465
0.000047 -0.008559
0.000040 -0.008651
0.000061 -0.008743
0.000050 -0.008833
0.000040 -0.008921
0.000028 -0.009008
0.000023 -0.009094
0.000021 -0.009178
0.000017 -0.009261
0.000004 -0.009342
0.000038 -0.009422
0.000034 -0.009500
0.000019 -0.009577
0.000003 -0.009652
0.000010 -0.009726
0.000003 -0.009798
0.000006 -0.009868
-0.000006 -0.009937
-0.000013 -0.010005
-0.000004 -0.010071
-0.000006 -0.010135
-0.000009 -0.010198
-0.000003 -0.010259
-0.000022 -0.010318
-0.000011 -0.010376
-0.000014 -0.010432
-0.000014 -0.010486
0.000009 -0.010539
-0.000016 -0.010590
-0.000023 -0.010639
-0.000012 -0.010687
-0.000018 -0.010733
