0.000000 0.000000
0.000103 -0.000000
0.000154 -0.000000
0.000341 -0.000000
-0.000088 -0.000000
-0.000331 -0.000000
-0.000136 -0.000000
-0.000164 -0.000000
-0.000060 -0.000000
0.000771 -0.000000
0.000512 -0.000000
0.000334 -0.000000
0.000380 -0.000000
-0.000530 -0.000000
-0.000590 -0.000000
-0.000707 -0.000000
-0.000184 -0.000000
0.000568 -0.000000
0.000200 -0.000000
-0.001266 -0.000000
-0.000453 -0.000000
0.000736 -0.000000
0.000727 -0.000000
-0.000180 -0.000000
-0.002064 -0.000000
-0.000548 -0.000000
-0.000067 -0.000000
0.000339 -0.000000
-0.000115 -0.000000
0.001542 -0.000000
0.003266 -0.000000
-0.000423 -0.000000
-0.000787 -0.000000
-0.001407 -0.000000
-0.000896 -0.000000
0.002237 -0.000000
0.001460 -0.000000
-0.000019 -0.000000
-0.002468 -0.000000
-0.001777 -0.000000
-0.000908 -0.000000
0.000781 -0.000000
0.002682 -0.000000
-0.003050 -0.000000
-0.002758 -0.000000
0.001943 -0.000000
-0.001699 -0.000000
0.000620 -0.000000
0.000500 -0.000000
0.000368 -0.000000
-0.004042 -0.000000
0.001459 -0.000000
-0.002578 -0.000000
-0.000474 -0.000000
0.000887 -0.000000
-0.002955 -0.000000
0.002673 -0.000000
0.001045 -0.000000
0.007159 -0.000000
0.003784 -0.000000
0.000286 -0.000000
-0.003256 -0.000000
-0.000900 -0.000000
0.000490 -0.000000
-0.002775 -0.000000
-0.005965 -0.000000
-0.005247 -0.000000
0.002075 -0.000000
-0.001820 -0.000000
-0.003064 -0.000000
0.004062 -0.000000
-0.006885 -0.000000
0.001775 -0.000000
-0.002162 -0.000000
0.002178 -0.000000
-0.006887 -0.000000
-0.000023 -0.000000
0.003005 -0.000000
-0.000393 -0.000000
-0.003208 -0.000000
0.005721 -0.000000
-0.002009 -0.000000
0.000873 -0.000000
-0.003264 -0.000000
0.007699 -0.000000
-0.001342 -0.000000
0.004783 -0.000000
0.003102 -0.000000
-0.000913 -0.000000
0.001510 -0.000000
0.000070 -0.000000
0.000361 -0.000000
-0.004804 -0.000000
0.007244 -0.000000
-0.009030 -0.000000
0.002092 -0.000000
0.002861 -0.000000
0.002622 -0.000000
0.000096 -0.000000
0.004454 -0.000000
