-0.000143 0.000000
0.000512 -0.000000
0.000379 -0.000000
0.001112 -0.000000
-0.000659 -0.000000
0.000087 -0.000000
0.002267 -0.000000
0.002532 -0.000000
0.008942 -0.000000
-0.001713 -0.000000
-0.002120 -0.000000
0.004099 -0.000000
-0.011439 -0.000000
-0.005537 -0.000000
-0.005154 -0.000000
-0.002849 -0.000000
0.005106 -0.000000
-0.021675 -0.000000
0.035270 -0.000000
-0.025809 -0.000000
-0.012297 -0.000000
0.044411 -0.000000
0.001476 -0.000000
-0.072593 -0.000000
0.006653 -0.000000
0.022913 -0.000000
-0.030643 -0.000000
0.037453 -0.000000
-0.023711 -0.000000
0.031096 -0.000000
-0.008801 -0.000001
0.048848 -0.000001
-0.020212 -0.000001
-0.005099 -0.000001
-0.004385 -0.000001
0.019828 -0.000001
0.001463 -0.000001
0.005771 -0.000001
0.009412 -0.000001
0.011462 -0.000001
-0.014991 -0.000001
-0.007531 -0.000001
0.027380 -0.000001
0.012759 -0.000001
-0.002741 -0.000001
0.006138 -0.000001
-0.008374 -0.000001
-0.000522 -0.000001
0.000394 -0.000001
-0.011315 -0.000001
0.011315 -0.000001
-0.000394 -0.000001
0.000522 -0.000001
0.008374 -0.000001
-0.006138 -0.000001
0.002741 -0.000001
-0.012759 -0.000001
-0.027380 -0.000001
0.007531 -0.000001
0.014991 -0.000001
-0.011462 -0.000001
-0.009412 -0.000001
-0.005771 -0.000001
-0.001463 -0.000001
-0.019828 -0.000001
0.004385 -0.000001
0.005099 -0.000001
0.020212 -0.000001
-0.048848 -0.000001
0.008801 -0.000001
-0.031096 -0.000000
0.023711 -0.000000
-0.037453 -0.000000
0.030643 -0.000000
-0.022913 -0.000000
-0.006653 -0.000000
0.072593 -0.000000
-0.001476 -0.000000
-0.044411 -0.000000
0.012297 -0.000000
0.025809 -0.000000
-0.035270 -0.000000
0.021675 -0.000000
-0.005106 -0.000000
0.002849 -0.000000
0.005154 -0.000000
0.005537 -0.000000
0.011439 -0.000000
-0.004099 -0.000000
0.002120 -0.000000
0.001713 -0.000000
-0.008942 -0.000000
-0.002532 -0.000000
-0.002267 -0.000000
-0.000087 -0.000000
0.000659 -0.000000
-0.001112 -0.000000
-0.000379 -0.000000
-0.000512 -0.000000
0.000143 -0.000000
