0.000255 0.000000
-0.001130 0.000000
0.000787 0.000000
0.000485 0.000000
0.001246 0.000000
0.000042 0.000000
-0.001130 0.000000
0.002175 0.000000
0.004234 0.000000
-0.009249 0.000000
0.009762 0.000000
-0.004835 0.000000
0.001947 0.000000
0.018896 0.000000
0.005541 0.000000
-0.013392 0.000000
-0.013941 0.000000
0.024530 0.000000
-0.004105 0.000000
0.011295 0.000000
0.043905 0.000000
0.017448 0.000000
-0.021183 0.000000
-0.009139 0.000000
0.028580 0.000000
-0.007325 0.000000
-0.038561 0.000000
-0.018376 0.000000
-0.033878 0.000000
0.011108 0.000000
0.018310 0.000000
-0.049139 0.000000
0.046862 0.000000
-0.000514 0.000000
0.000675 0.000000
-0.004283 0.000000
0.003738 0.000000
0.028869 0.000000
-0.023280 0.000000
-0.025639 0.000000
0.025022 0.000000
0.011791 0.000000
0.000892 0.000000
0.012212 0.000000
0.024772 0.000000
-0.001291 0.000000
0.001941 0.000000
0.007436 0.000000
-0.012500 0.000000
0.016362 0.000000
-0.016362 0.000000
0.012500 0.000000
-0.007436 0.000000
-0.001941 0.000000
0.001291 0.000000
-0.024772 0.000000
-0.012212 0.000000
-0.000892 0.000000
-0.011791 0.000000
-0.025022 0.000000
0.025639 0.000000
0.023280 0.000000
-0.028869 0.000000
-0.003738 0.000000
0.004283 0.000000
-0.000675 0.000000
0.000514 0.000000
-0.046862 0.000000
0.049139 0.000000
-0.018310 0.000000
-0.011108 0.000000
0.033878 0.000000
0.018376 0.000000
0.038561 0.000000
0.007325 0.000000
-0.028580 0.000000
0.009139 0.000000
0.021183 0.000000
-0.017448 0.000000
-0.043905 0.000000
-0.011295 0.000000
0.004105 0.000000
-0.024530 0.000000
0.013941 0.000000
0.013392 0.000000
-0.005541 0.000000
-0.018896 0.000000
-0.001947 0.000000
0.004835 0.000000
-0.009762 0.000000
0.009249 0.000000
-0.004234 0.000000
-0.002175 0.000000
0.001130 0.000000
-0.000042 0.000000
-0.001246 0.000000
-0.000485 0.000000
-0.000787 0.000000
0.001130 0.000000
-0.000255 -0.000000
