-0.000000 0.000000
-0.001681 -0.000000
0.010412 -0.000000
-0.004006 -0.000000
-0.008199 -0.000000
-0.006381 -0.000000
-0.001509 -0.000000
0.002085 -0.000000
0.004974 -0.000000
0.006170 -0.000000
0.006370 -0.000000
0.005373 -0.000000
0.004275 -0.000000
0.002139 -0.000000
0.000262 -0.000000
-0.001937 -0.000000
-0.003861 -0.000000
-0.006177 -0.000000
-0.007833 -0.000000
-0.009615 -0.000000
-0.010944 -0.000000
-0.012360 -0.000000
-0.013561 -0.000000
-0.014485 -0.000000
-0.015171 -0.000000
-0.015978 -0.000000
-0.016091 -0.000000
-0.016701 -0.000000
-0.016900 -0.000000
-0.016847 -0.000000
-0.016748 -0.000000
-0.016742 -0.000000
-0.016417 -0.000001
-0.016211 -0.000001
-0.015534 -0.000001
-0.015033 -0.000001
-0.014728 -0.000001
-0.014398 -0.000001
-0.013258 -0.000001
-0.013201 -0.000001
-0.012345 -0.000001
-0.011663 -0.000001
-0.011005 -0.000001
-0.010644 -0.000001
-0.009592 -0.000001
-0.009224 -0.000001
-0.008370 -0.000001
-0.007696 -0.000001
-0.006730 -0.000001
-0.006135 -0.000001
-0.005496 -0.000001
-0.004857 -0.000001
-0.004205 -0.000001
-0.003465 -0.000001
-0.002861 -0.000001
-0.002074 -0.000001
-0.001532 -0.000001
-0.001097 -0.000001
-0.000757 -0.000001
-0.000111 -0.000001
0.000703 -0.000001
0.000995 -0.000001
0.001727 -0.000001
0.001927 -0.000001
0.002443 -0.000001
0.002612 -0.000001
0.003405 -0.000001
0.003674 -0.000001
0.004000 -0.000001
0.004095 -0.000001
0.005106 -0.000001
0.004941 -0.000001
0.005511 -0.000001
0.005390 -0.000001
0.005767 -0.000001
0.005977 -0.000001
0.006084 -0.000001
0.005940 -0.000001
0.007051 -0.000001
0.006766 -0.000001
0.007121 -0.000001
0.006614 -0.000001
0.007130 -0.000001
0.006938 -0.000001
0.007542 -0.000001
0.006934 -0.000001
0.006953 -0.000001
0.007000 -0.000001
0.007235 -0.000001
0.007243 -0.000001
0.007283 -0.000001
0.006816 -0.000001
0.007260 -0.000001
0.006942 -0.000001
0.006807 -0.000001
0.006999 -0.000001
0.006716 -0.000001
0.006135 -0.000001
0.006600 -0.000001
0.006167 -0.000001
