-0.000459 0.000000
0.000779 0.000000
-0.001766 0.000000
-0.002821 0.000000
-0.001428 0.000000
0.000505 0.000000
0.001167 0.000000
0.003953 0.000000
-0.002388 0.000000
0.003156 0.000000
0.000447 0.000000
-0.000792 0.000000
0.002067 0.000000
0.000277 0.000000
-0.000475 0.000000
-0.002742 0.000000
-0.003580 0.000000
0.007292 0.000000
-0.009742 0.000000
0.007850 0.000000
0.000619 0.000000
0.002315 0.000000
0.018503 0.000000
-0.009043 0.000000
0.005268 0.000000
-0.019125 0.000000
0.008679 0.000000
-0.003376 0.000000
-0.010419 0.000000
0.002463 0.000000
0.003293 0.000000
-0.013760 0.000000
-0.030546 0.000000
0.002028 0.000000
0.010446 0.000000
0.009353 0.000000
-0.002905 0.000000
0.055985 0.000000
-0.014282 0.000000
-0.003014 0.000000
0.061173 0.000000
-0.020445 0.000000
0.001199 0.000000
0.065017 0.000000
-0.051462 0.000000
0.013978 0.000000
0.034701 0.000000
0.017239 0.000000
-0.002060 0.000000
-0.033333 0.000000
0.033333 0.000000
0.002060 0.000000
-0.017239 0.000000
-0.034701 0.000000
-0.013978 0.000000
0.051462 0.000000
-0.065017 0.000000
-0.001199 0.000000
0.020445 0.000000
-0.061173 0.000000
0.003014 0.000000
0.014282 0.000000
-0.055985 0.000000
0.002905 0.000000
-0.009353 0.000000
-0.010446 0.000000
-0.002028 0.000000
0.030546 0.000000
0.013760 0.000000
-0.003293 0.000000
-0.002463 0.000000
0.010419 0.000000
0.003376 0.000000
-0.008679 0.000000
0.019125 0.000000
-0.005268 0.000000
0.009043 0.000000
-0.018503 0.000000
-0.002315 0.000000
-0.000619 0.000000
-0.007850 0.000000
0.009742 0.000000
-0.007292 0.000000
0.003580 0.000000
0.002742 0.000000
0.000475 0.000000
-0.000277 0.000000
-0.002067 0.000000
0.000792 0.000000
-0.000447 0.000000
-0.003156 0.000000
0.002388 0.000000
-0.003953 0.000000
-0.001167 0.000000
-0.000505 0.000000
0.001428 0.000000
0.002821 0.000000
0.001766 0.000000
-0.000779 0.000000
0.000459 0.000000
