-0.000188 0.000000
0.000725 0.000000
-0.000614 0.000000
0.000252 0.000000
0.000695 0.000000
-0.004268 0.000000
-0.002132 0.000000
0.003820 0.000000
-0.000527 0.000000
0.002379 0.000000
0.000464 0.000000
-0.004970 0.000000
-0.004366 0.000000
-0.004335 0.000000
0.001238 0.000000
0.000954 0.000000
-0.002056 0.000000
-0.006865 0.000000
0.001529 0.000000
-0.013663 0.000000
0.000967 0.000000
0.007459 0.000000
0.025079 0.000000
-0.006595 0.000000
-0.008428 0.000000
0.002873 0.000000
0.004995 0.000000
-0.010092 0.000000
-0.010012 0.000000
-0.029053 0.000000
-0.001234 0.000000
0.041446 0.000000
-0.009720 0.000000
0.018119 0.000000
-0.016760 0.000001
-0.005775 0.000001
0.004213 0.000001
0.037109 0.000001
-0.035670 0.000001
-0.058823 0.000001
0.011817 0.000001
0.049643 0.000001
-0.010791 0.000001
-0.016329 0.000001
-0.019155 0.000001
0.018324 0.000001
-0.008965 0.000001
-0.001282 0.000001
-0.012119 0.000001
-0.004933 0.000001
0.004933 0.000001
0.012119 0.000001
0.001282 0.000001
0.008965 0.000001
-0.018324 0.000001
0.019155 0.000001
0.016329 0.000001
0.010791 0.000001
-0.049643 0.000001
-0.011817 0.000001
0.058823 0.000001
0.035670 0.000001
-0.037109 0.000001
-0.004213 0.000001
0.005775 0.000001
0.016760 0.000001
-0.018119 0.000000
0.009720 0.000000
-0.041446 0.000000
0.001234 0.000000
0.029053 0.000000
0.010012 0.000000
0.010092 0.000000
-0.004995 0.000000
-0.002873 0.000000
0.008428 0.000000
0.006595 0.000000
-0.025079 0.000000
-0.007459 0.000000
-0.000967 0.000000
0.013663 0.000000
-0.001529 0.000000
0.006865 0.000000
0.002056 0.000000
-0.000954 0.000000
-0.001238 0.000000
0.004335 0.000000
0.004366 0.000000
0.004970 0.000000
-0.000464 0.000000
-0.002379 0.000000
0.000527 0.000000
-0.003820 0.000000
0.002132 0.000000
0.004268 0.000000
-0.000695 0.000000
-0.000252 0.000000
0.000614 0.000000
-0.000725 0.000000
0.000188 -0.000000
