0.000000 0.000000
0.000396 0.000000
-0.003764 0.000000
0.000911 0.000000
0.002323 0.000000
0.001648 0.000000
-0.000071 0.000000
-0.001477 0.000000
-0.002634 0.000000
-0.003212 0.000000
-0.003419 0.000000
-0.003154 0.000000
-0.002769 0.000000
-0.001988 0.000000
-0.001231 0.000000
-0.000281 0.000000
0.000618 0.000000
0.001674 0.000000
0.002559 0.000000
0.003559 0.000000
0.004384 0.000000
0.005293 0.000000
0.006090 0.000000
0.006873 0.000000
0.007524 0.000000
0.008252 0.000000
0.008750 0.000000
0.009387 0.000000
0.009861 0.000000
0.010314 0.000000
0.010701 0.000000
0.011094 0.000000
0.011382 0.000000
0.011710 0.000000
0.011865 0.000000
0.012110 0.000000
0.012274 0.000000
0.012507 0.000000
0.012502 0.000000
0.012732 0.000000
0.012743 0.000000
0.012814 0.000000
0.012824 0.000000
0.012898 0.000000
0.012802 0.000000
0.012885 0.000000
0.012795 0.000000
0.012798 0.000000
0.012640 0.000000
0.012602 0.000000
0.012493 0.000000
0.012421 0.000000
0.012289 0.000000
0.012199 0.000000
0.012083 0.000000
0.011923 0.000000
0.011787 0.000000
0.011708 0.000000
0.011568 0.000000
0.011400 0.000000
0.011173 0.000000
0.011083 0.000000
0.010867 0.000000
0.010826 0.000000
0.010567 0.000000
0.010508 0.000000
0.010206 0.000000
0.010103 0.000000
0.009886 0.000000
0.009797 0.000000
0.009455 0.000000
0.009392 0.000000
0.009117 0.000000
0.009045 0.000000
0.008798 0.000000
0.008628 0.000000
0.008452 0.000000
0.008352 0.000000
0.007962 0.000000
0.007907 0.000000
0.007630 0.000000
0.007622 0.000000
0.007321 0.000000
0.007231 0.000000
0.006868 0.000000
0.006860 0.000000
0.006648 0.000000
0.006495 0.000000
0.006258 0.000000
0.006072 0.000000
0.005894 0.000000
0.005795 0.000000
0.005489 0.000000
0.005360 0.000000
0.005187 0.000000
0.005006 0.000000
0.004811 0.000000
0.004774 0.000000
0.004439 0.000000
0.004340 0.000000
