0.000000 0.000000
0.000261 0.000000
-0.007200 0.000000
0.000080 0.000000
0.001897 0.000000
-0.000277 0.000000
-0.004606 0.000000
-0.008872 0.000000
-0.012906 0.000000
-0.016038 0.000000
-0.018551 0.000000
-0.020170 0.000000
-0.021409 0.000000
-0.021876 0.000000
-0.022190 0.000000
-0.021977 0.000000
-0.021701 0.000000
-0.021013 0.000000
-0.020437 0.000000
-0.019502 0.000000
-0.018761 0.000000
-0.017738 0.000000
-0.016845 0.000000
-0.015799 0.000000
-0.014952 0.000000
-0.013854 0.000000
-0.013061 0.000000
-0.012020 0.000000
-0.011210 0.000000
-0.010290 0.000000
-0.009519 0.000000
-0.008679 0.000000
-0.007992 0.000000
-0.007170 0.000000
-0.006606 0.000000
-0.005850 0.000000
-0.005328 0.000000
-0.004598 0.000000
-0.004177 0.000000
-0.003494 0.000000
-0.003088 0.000000
-0.002550 0.000000
-0.002165 0.000000
-0.001677 0.000000
-0.001408 0.000000
-0.000885 0.000000
-0.000632 0.000000
-0.000180 0.000000
-0.000030 0.000000
0.000356 0.000000
0.000533 0.000000
0.000831 0.000000
0.000990 0.000000
0.001304 0.000000
0.001466 0.000000
0.001646 0.000000
0.001777 0.000000
0.002073 0.000000
0.002142 0.000000
0.002303 0.000000
0.002294 0.000000
0.002507 0.000000
0.002534 0.000000
0.002818 0.000000
0.002719 0.000000
0.002990 0.000000
0.002855 0.000000
0.003066 0.000000
0.002971 0.000000
0.003174 0.000000
0.002998 0.000000
0.003128 0.000000
0.003077 0.000000
0.003223 0.000000
0.003125 0.000000
0.003174 0.000000
0.003132 0.000000
0.003231 0.000000
0.002999 0.000000
0.003129 0.000000
0.002982 0.000000
0.003199 0.000000
0.003008 0.000000
0.003141 0.000000
0.002839 0.000000
0.002993 0.000000
0.002883 0.000000
0.002906 0.000000
0.002806 0.000000
0.002786 0.000000
0.002724 0.000000
0.002746 0.000000
0.002548 0.000000
0.002525 0.000000
0.002425 0.000000
0.002434 0.000000
0.002284 0.000000
0.002423 0.000000
0.002159 0.000000
0.002198 0.000000
