0.000000 0.000000
0.003353 0.000000
-0.001174 0.000000
0.017783 0.000000
0.029831 0.000000
0.034865 0.000000
0.034868 0.000000
0.032846 0.000000
0.029425 0.000000
0.025964 0.000000
0.022293 0.000000
0.019151 0.000000
0.016049 0.000000
0.013600 0.000000
0.011170 0.000000
0.009356 0.000000
0.007523 0.000000
0.006247 0.000000
0.004854 0.000000
0.003993 0.000000
0.002943 0.000000
0.002354 0.000000
0.001618 0.000000
0.001245 0.000000
0.000661 0.000000
0.000511 0.000000
0.000059 0.000000
-0.000015 0.000000
-0.000333 0.000000
-0.000328 0.000000
-0.000559 0.000000
-0.000530 0.000000
-0.000712 0.000000
-0.000585 0.000000
-0.000761 0.000000
-0.000604 0.000000
-0.000756 0.000000
-0.000557 0.000000
-0.000689 0.000000
-0.000491 0.000000
-0.000582 0.000000
-0.000414 0.000000
-0.000478 0.000000
-0.000303 0.000000
-0.000416 0.000000
-0.000193 0.000000
-0.000288 0.000000
-0.000062 0.000000
-0.000187 0.000000
0.000035 0.000000
-0.000055 0.000000
0.000080 0.000000
0.000004 0.000000
0.000226 0.000000
0.000125 0.000000
0.000253 0.000000
0.000183 0.000000
0.000437 0.000000
0.000317 0.000000
0.000480 0.000000
0.000327 0.000000
0.000515 0.000000
0.000411 0.000000
0.000636 0.000000
0.000468 0.000000
0.000705 0.000000
0.000523 0.000000
0.000759 0.000000
0.000554 0.000000
0.000799 0.000000
0.000600 0.000000
0.000707 0.000000
0.000657 0.000000
0.000785 0.000000
0.000667 0.000000
0.000806 0.000000
0.000702 0.000000
0.000825 0.000000
0.000663 0.000000
0.000813 0.000000
0.000634 0.000000
0.000877 0.000000
0.000675 0.000000
0.000904 0.000000
0.000609 0.000000
0.000783 0.000000
0.000684 0.000000
0.000795 0.000000
0.000682 0.000000
0.000790 0.000000
0.000674 0.000000
0.000780 0.000000
0.000629 0.000000
0.000699 0.000000
0.000570 0.000000
0.000712 0.000000
0.000506 0.000000
0.000739 0.000000
0.000524 0.000000
0.000678 0.000000
