0.000000 0.000000
0.086717 0.000000
0.021362 0.000000
0.005304 0.000000
-0.000261 0.000000
0.000021 0.000000
-0.000996 0.000000
0.000408 0.000000
-0.000443 0.000000
0.000845 0.000000
-0.000143 0.000000
0.001018 0.000000
-0.000056 0.000000
0.001038 0.000000
-0.000081 0.000000
0.000989 0.000000
-0.000148 0.000000
0.000912 0.000000
-0.000226 0.000000
0.000837 0.000000
-0.000299 0.000000
0.000763 0.000000
-0.000358 0.000000
0.000706 0.000000
-0.000415 0.000000
0.000666 0.000000
-0.000457 0.000000
0.000624 0.000000
-0.000484 0.000000
0.000595 0.000000
-0.000511 0.000000
0.000573 0.000000
-0.000532 0.000000
0.000564 0.000000
-0.000545 0.000000
0.000550 0.000000
-0.000556 0.000000
0.000549 0.000000
-0.000561 0.000000
0.000535 0.000000
-0.000555 0.000000
0.000530 0.000000
-0.000561 0.000000
0.000529 0.000000
-0.000566 0.000000
0.000539 0.000000
-0.000558 0.000000
0.000534 0.000000
-0.000555 0.000000
0.000554 0.000000
-0.000543 0.000000
0.000543 0.000000
-0.000562 0.000000
0.000543 0.000000
-0.000552 0.000000
0.000541 0.000000
-0.000561 0.000000
0.000555 0.000000
-0.000544 0.000000
0.000567 0.000000
-0.000544 0.000000
0.000553 0.000000
-0.000545 0.000000
0.000565 0.000000
-0.000542 0.000000
0.000561 0.000000
-0.000539 0.000000
0.000572 0.000000
-0.000542 0.000000
0.000573 0.000000
-0.000524 0.000000
0.000564 0.000000
-0.000529 0.000000
0.000567 0.000000
-0.000524 0.000000
0.000567 0.000000
-0.000520 0.000000
0.000569 0.000000
-0.000530 0.000000
0.000564 0.000000
-0.000532 0.000000
0.000577 0.000000
-0.000533 0.000000
0.000579 0.000000
-0.000530 0.000000
0.000561 0.000000
-0.000522 0.000000
0.000579 0.000000
-0.000527 0.000000
0.000574 0.000000
-0.000520 0.000000
0.000581 0.000000
-0.000522 0.000000
0.000566 0.000000
-0.000523 0.000000
0.000582 0.000000
-0.000539 0.000000
0.000582 0.000000
-0.000530 0.000000
0.000605 0.000000
