-0.000000 0.000000
0.027086 -0.000000
0.061590 -0.000000
0.046594 -0.000000
0.029220 -0.000000
0.016291 -0.000000
0.008159 -0.000000
0.002915 -0.000000
-0.000009 -0.000000
-0.001838 -0.000000
-0.002639 -0.000000
-0.003130 -0.000000
-0.003120 -0.000000
-0.003121 -0.000000
-0.002810 -0.000000
-0.002658 -0.000000
-0.002274 -0.000000
-0.002101 -0.000000
-0.001716 -0.000000
-0.001579 -0.000000
-0.001230 -0.000000
-0.001122 -0.000000
-0.000848 -0.000000
-0.000768 -0.000000
-0.000517 -0.000000
-0.000521 -0.000000
-0.000295 -0.000000
-0.000299 -0.000000
-0.000125 -0.000000
-0.000156 -0.000000
-0.000010 -0.000000
-0.000045 -0.000000
0.000088 -0.000000
0.000006 -0.000000
0.000148 -0.000000
0.000057 -0.000000
0.000180 -0.000000
0.000064 -0.000000
0.000189 -0.000000
0.000085 -0.000000
0.000172 -0.000000
0.000084 -0.000000
0.000160 -0.000000
0.000062 -0.000000
0.000165 -0.000000
0.000048 -0.000000
0.000137 -0.000000
0.000017 -0.000000
0.000112 -0.000000
-0.000021 -0.000000
0.000057 -0.000000
-0.000007 -0.000000
0.000084 -0.000000
-0.000054 -0.000000
0.000047 -0.000000
-0.000036 -0.000000
0.000038 -0.000000
-0.000119 -0.000000
-0.000016 -0.000000
-0.000136 -0.000000
-0.000019 -0.000000
-0.000136 -0.000000
-0.000043 -0.000000
-0.000181 -0.000000
-0.000061 -0.000000
-0.000196 -0.000000
-0.000076 -0.000000
-0.000230 -0.000000
-0.000078 -0.000000
-0.000241 -0.000000
-0.000119 -0.000000
-0.000197 -0.000000
-0.000136 -0.000000
-0.000222 -0.000000
-0.000139 -0.000000
-0.000246 -0.000000
-0.000169 -0.000000
-0.000242 -0.000000
-0.000148 -0.000000
-0.000246 -0.000000
-0.000124 -0.000000
-0.000273 -0.000000
-0.000132 -0.000000
-0.000300 -0.000000
-0.000103 -0.000000
-0.000215 -0.000000
-0.000162 -0.000000
-0.000249 -0.000000
-0.000162 -0.000000
-0.000251 -0.000000
-0.000157 -0.000000
-0.000265 -0.000000
-0.000156 -0.000000
-0.000213 -0.000000
-0.000131 -0.000000
-0.000244 -0.000000
-0.000087 -0.000000
-0.000260 -0.000000
-0.000125 -0.000000
-0.000264 -0.000000
