-0.000000 0.000000
0.002473 -0.000000
-0.007740 -0.000000
0.001565 -0.000000
0.005647 -0.000000
0.005059 -0.000000
0.002112 -0.000000
-0.000338 -0.000000
-0.002399 -0.000000
-0.003631 -0.000000
-0.004141 -0.000000
-0.004184 -0.000000
-0.003603 -0.000000
-0.003210 -0.000000
-0.002296 -0.000000
-0.001306 -0.000000
-0.000578 -0.000000
0.000250 -0.000000
0.000895 -0.000000
0.001494 -0.000000
0.002143 -0.000000
0.002488 -0.000000
0.002536 -0.000000
0.003107 -0.000000
0.003086 -0.000000
0.003196 -0.000000
0.002753 -0.000000
0.003009 -0.000000
0.002711 -0.000000
0.002645 -0.000000
0.002211 -0.000000
0.002146 -0.000000
0.001539 -0.000000
0.001233 -0.000000
0.000662 -0.000000
0.000596 -0.000000
0.000008 -0.000000
-0.000312 -0.000000
-0.000829 -0.000000
-0.001173 -0.000000
-0.001512 -0.000000
-0.001933 -0.000000
-0.002529 -0.000000
-0.002917 -0.000000
-0.003313 -0.000000
-0.003560 -0.000000
-0.003920 -0.000000
-0.004125 -0.000000
-0.004446 -0.000000
-0.004874 -0.000000
-0.005261 -0.000000
-0.005559 -0.000000
-0.005908 -0.000000
-0.006102 -0.000000
-0.006308 -0.000000
-0.006638 -0.000000
-0.006744 -0.000000
-0.006992 -0.000000
-0.007179 -0.000000
-0.007343 -0.000000
-0.007605 -0.000000
-0.007699 -0.000000
-0.007729 -0.000000
-0.007882 -0.000000
-0.007959 -0.000000
-0.008041 -0.000000
-0.008086 -0.000000
-0.008029 -0.000000
-0.008029 -0.000000
-0.008103 -0.000000
-0.008307 -0.000000
-0.008124 -0.000000
-0.008453 -0.000000
-0.008260 -0.000000
-0.008092 -0.000000
-0.007934 -0.000000
-0.008292 -0.000000
-0.008385 -0.000000
-0.008172 -0.000000
-0.008034 -0.000000
-0.008054 -0.000000
-0.007847 -0.000000
-0.007740 -0.000000
-0.007584 -0.000000
-0.007712 -0.000000
-0.007287 -0.000000
-0.007420 -0.000000
-0.007020 -0.000000
-0.007217 -0.000000
-0.007002 -0.000000
-0.007405 -0.000000
-0.006782 -0.000000
-0.006917 -0.000000
-0.006745 -0.000000
-0.006516 -0.000000
-0.006306 -0.000000
-0.006284 -0.000000
-0.006229 -0.000000
-0.005758 -0.000000
-0.005735 -0.000000
